Date,Sales_170868,Sales_230692,Sales_230693,Sales_230695,Sales_230696,Sales_230699,Sales_237784,Sales_265161,Sales_265163,Sales_278824,Sales_278853,Sales_305217,Sales_305236,Sales_305255,Sales_476548,Sales_542402,Sales_542408,Sales_542449,Sales_542458,Sales_542464,Sales_542490,Sales_547005,Sales_547006,Sales_547009,Sales_549900,Sales_549907,Sales_549908,Sales_554342,Sales_554547,Sales_554645,Sales_554944,Sales_564417,Sales_564481,Sales_564641,Sales_564663,Sales_564945,Sales_564966,Sales_565649,Sales_565664,Sales_566646,Sales_566697,Sales_569648,Sales_569662,Sales_661420,Sales_661422,Sales_661427,Sales_661428,Sales_698465,Discount_170868,Discount_230692,Discount_230693,Discount_230695,Discount_230696,Discount_230699,Discount_237784,Discount_265161,Discount_265163,Discount_278824,Discount_278853,Discount_305217,Discount_305236,Discount_305255,Discount_476548,Discount_542402,Discount_542408,Discount_542449,Discount_542458,Discount_542464,Discount_542490,Discount_547005,Discount_547006,Discount_547009,Discount_549900,Discount_549907,Discount_549908,Discount_554342,Discount_554547,Discount_554645,Discount_554944,Discount_564417,Discount_564481,Discount_564641,Discount_564663,Discount_564945,Discount_564966,Discount_565649,Discount_565664,Discount_566646,Discount_566697,Discount_569648,Discount_569662,Discount_661420,Discount_661422,Discount_661427,Discount_661428,Discount_698465,Duration_170868,Duration_230692,Duration_230693,Duration_230695,Duration_230696,Duration_230699,Duration_237784,Duration_265161,Duration_265163,Duration_278824,Duration_278853,Duration_305217,Duration_305236,Duration_305255,Duration_476548,Duration_542402,Duration_542408,Duration_542449,Duration_542458,Duration_542464,Duration_542490,Duration_547005,Duration_547006,Duration_547009,Duration_549900,Duration_549907,Duration_549908,Duration_554342,Duration_554547,Duration_554645,Duration_554944,Duration_564417,Duration_564481,Duration_564641,Duration_564663,Duration_564945,Duration_564966,Duration_565649,Duration_565664,Duration_566646,Duration_566697,Duration_569648,Duration_569662,Duration_661420,Duration_661422,Duration_661427,Duration_661428,Duration_698465
2015-08-24,203.0,0.0,0.0,0.0,0.0,0.0,0.0,1.0,6.0,546.0,204.0,55.0,46.0,89.0,198.0,0.0,8.0,156.0,115.0,66.0,96.0,44.0,6.0,19.0,1.0,15.0,23.0,35.0,20.0,55.0,10.0,11.0,22.0,164.0,22.0,11.0,0.0,244.0,43.0,335.0,75.0,151.0,62.0,26.0,12.0,8.0,9.0,1.0,0.0,0.0,0.0,0.0,0.0,0.0,0.0,0.0,0.0,0.0,0.0,0.0,0.0,0.0,0.0,0.0,0.0,0.0,0.0,0.0,0.0,0.0,0.0,0.0,0.0,0.0,0.0,0.0,0.0,0.0,0.0,0.0,0.0,0.0,0.0,0.0,0.0,0.0,0.0,0.0,0.0,0.0,0.0,0.0,0.0,0.0,0.0,0.0,0.0,0.0,0.0,0.0,0.0,0.0,0.0,0.0,0.0,0.0,0.0,0.0,0.0,0.0,0.0,0.0,0.0,0.0,0.0,0.0,0.0,0.0,0.0,0.0,0.0,0.0,0.0,0.0,0.0,0.0,0.0,0.0,0.0,0.0,0.0,0.0,0.0,0.0,0.0,0.0,0.0,0.0,0.0,0.0,0.0,0.0,0.0,0.0
2015-08-31,212.0,0.0,0.0,0.0,0.0,0.0,0.0,1.3333333333333333,14.0,506.0,253.0,36.0,55.0,79.0,179.0,1.0,55.0,187.0,150.0,85.0,105.0,47.0,18.0,29.0,10.0,15.0,20.0,53.0,53.0,70.0,22.0,31.0,33.0,317.0,49.0,12.0,9.0,233.0,75.0,371.0,135.0,233.0,61.0,14.0,32.0,10.0,14.0,1.0,0.0,0.0,0.0,0.0,0.0,0.0,0.0,0.0,0.0,0.0,0.0,0.0,0.0,0.0,0.0,0.0,0.0,0.0,0.0,0.0,0.0,0.0,0.0,0.0,0.0,0.0,0.0,0.0,0.0,0.0,0.0,0.0,0.0,0.0,0.0,0.0,0.0,0.0,0.0,0.0,0.0,0.0,0.0,0.0,0.0,0.0,0.0,0.0,0.0,0.0,0.0,0.0,0.0,0.0,0.0,0.0,0.0,0.0,0.0,0.0,0.0,0.0,0.0,0.0,0.0,0.0,0.0,0.0,0.0,0.0,0.0,0.0,0.0,0.0,0.0,0.0,0.0,0.0,0.0,0.0,0.0,0.0,0.0,0.0,0.0,0.0,0.0,0.0,0.0,0.0,0.0,0.0,0.0,0.0,0.0,0.0
2015-09-07,260.0,0.0,0.0,0.0,0.0,0.0,0.0,1.6666666666666665,7.0,532.0,247.0,43.0,57.0,78.0,233.0,13.0,11.0,115.0,174.0,93.0,133.0,19.0,23.0,38.0,18.0,12.0,5.0,42.0,32.0,67.0,19.0,39.0,6.0,180.0,25.0,8.0,5.0,229.0,83.0,436.0,125.0,150.0,68.0,17.0,12.0,14.0,14.0,1.0,0.0,0.0,0.0,0.0,0.0,0.0,0.0,0.0,0.0,0.0,0.0,0.0,0.0,0.0,0.0,0.0,0.0,0.0,0.0,0.0,0.0,0.0,0.0,0.0,0.0,0.0,0.0,0.0,0.0,0.0,0.0,0.0,0.0,0.0,0.0,0.0,0.0,0.0,0.0,0.0,0.0,0.0,0.0,0.0,0.0,0.0,0.0,0.0,0.0,0.0,0.0,0.0,0.0,0.0,0.0,0.0,0.0,0.0,0.0,0.0,0.0,0.0,0.0,0.0,0.0,0.0,0.0,0.0,0.0,0.0,0.0,0.0,0.0,0.0,0.0,0.0,0.0,0.0,0.0,0.0,0.0,0.0,0.0,0.0,0.0,0.0,0.0,0.0,0.0,0.0,0.0,0.0,0.0,0.0,0.0,0.0
2015-09-14,167.0,0.0,0.0,0.0,0.0,0.0,0.0,2.0,23.0,447.0,156.0,28.0,25.0,54.0,212.0,15.0,39.0,113.0,86.0,70.0,74.0,25.0,13.0,30.0,2.0,7.0,1.0,21.0,9.0,34.0,16.0,28.0,17.0,197.0,50.0,18.0,8.0,157.0,39.0,317.0,66.0,180.0,49.0,10.0,14.0,5.0,12.0,2.0,0.0,0.0,0.0,0.0,0.0,0.0,0.0,0.0,0.0,0.0,0.0,0.0,0.0,0.0,0.0,0.0,0.0,0.0,0.0,0.0,0.0,0.0,0.0,0.0,0.0,0.0,0.0,0.0,0.0,0.0,0.0,0.0,0.0,0.0,0.0,0.0,0.0,0.0,0.0,0.0,0.0,0.0,0.0,0.0,0.0,0.0,0.0,0.0,0.0,0.0,0.0,0.0,0.0,0.0,0.0,0.0,0.0,0.0,0.0,0.0,0.0,0.0,0.0,0.0,0.0,0.0,0.0,0.0,0.0,0.0,0.0,0.0,0.0,0.0,0.0,0.0,0.0,0.0,0.0,0.0,0.0,0.0,0.0,0.0,0.0,0.0,0.0,0.0,0.0,0.0,0.0,0.0,0.0,0.0,0.0,0.0
2015-09-21,217.0,0.0,0.0,0.0,0.0,0.0,0.0,1.0,14.0,451.0,189.0,44.0,34.0,60.0,183.0,21.0,26.0,127.0,110.0,77.0,71.0,50.0,12.0,42.0,1.0,3.0,10.0,27.0,18.0,66.0,6.0,29.0,26.0,206.0,19.0,6.0,1.0,238.0,76.0,318.0,57.0,123.0,58.0,3.0,2.0,20.0,13.0,0.0,0.0,0.0,0.0,0.0,0.0,0.0,0.0,0.0,0.0,0.0,0.0,0.0,0.0,0.0,0.0,0.0,0.0,0.0,0.0,0.0,0.0,0.0,0.0,0.0,0.0,0.0,0.0,0.0,0.0,0.0,0.0,0.0,0.0,0.0,0.0,0.0,0.0,0.0,0.0,0.0,0.0,0.0,0.0,0.0,0.0,0.0,0.0,0.0,0.0,0.0,0.0,0.0,0.0,0.0,0.0,0.0,0.0,0.0,0.0,0.0,0.0,0.0,0.0,0.0,0.0,0.0,0.0,0.0,0.0,0.0,0.0,0.0,0.0,0.0,0.0,0.0,0.0,0.0,0.0,0.0,0.0,0.0,0.0,0.0,0.0,0.0,0.0,0.0,0.0,0.0,0.0,0.0,0.0,0.0,0.0,0.0
2015-09-28,255.0,0.0,0.0,0.0,0.0,0.0,0.0,1.5,22.0,454.0,160.0,43.0,34.0,74.0,169.0,6.0,25.0,104.0,63.0,78.0,69.0,51.0,39.0,28.0,6.0,23.0,7.0,25.0,19.0,38.0,14.0,17.0,26.0,81.0,40.0,8.0,1.0,206.0,58.0,356.0,82.0,101.0,47.0,14.0,15.0,2.0,11.0,1.0,0.0,0.0,0.0,0.0,0.0,0.0,0.0,0.0,0.0,0.0,0.0,0.0,0.0,0.0,0.0,0.0,0.0,0.0,0.0,0.0,0.0,0.0,0.0,0.0,0.0,0.0,0.0,0.0,0.0,0.0,0.0,0.0,0.0,0.0,0.0,0.0,0.0,0.0,0.0,0.0,0.0,0.0,0.0,0.0,0.0,0.0,0.0,0.0,0.0,0.0,0.0,0.0,0.0,0.0,0.0,0.0,0.0,0.0,0.0,0.0,0.0,0.0,0.0,0.0,0.0,0.0,0.0,0.0,0.0,0.0,0.0,0.0,0.0,0.0,0.0,0.0,0.0,0.0,0.0,0.0,0.0,0.0,0.0,0.0,0.0,0.0,0.0,0.0,0.0,0.0,0.0,0.0,0.0,0.0,0.0,0.0
2015-10-05,136.0,0.0,0.0,0.0,0.0,0.0,0.0,2.0,3.0,337.0,170.0,24.0,28.0,50.0,134.0,11.0,15.0,95.0,80.0,65.0,68.0,23.0,4.0,14.0,6.0,5.0,15.0,14.0,17.0,29.0,20.0,40.0,44.0,165.0,63.0,6.0,9.0,109.0,25.0,257.0,67.0,78.0,28.0,12.0,7.0,7.0,5.0,2.0,0.0,0.0,0.0,0.0,0.0,0.0,0.0,0.0,0.0,0.0,0.0,0.0,0.0,0.0,0.0,0.0,0.0,0.0,0.0,0.0,0.0,0.0,0.0,0.0,0.0,0.0,0.0,0.0,0.0,0.0,0.0,0.0,0.0,0.0,0.0,0.0,0.0,0.0,0.0,0.0,0.0,0.0,0.0,0.0,0.0,0.0,0.0,0.0,0.0,0.0,0.0,0.0,0.0,0.0,0.0,0.0,0.0,0.0,0.0,0.0,0.0,0.0,0.0,0.0,0.0,0.0,0.0,0.0,0.0,0.0,0.0,0.0,0.0,0.0,0.0,0.0,0.0,0.0,0.0,0.0,0.0,0.0,0.0,0.0,0.0,0.0,0.0,0.0,0.0,0.0,0.0,0.0,0.0,0.0,0.0,0.0
2015-10-12,116.0,0.0,0.0,0.0,0.0,0.0,0.0,4.0,7.0,285.0,100.0,25.0,32.0,19.0,91.0,4.0,12.0,80.0,44.0,54.0,44.0,30.0,8.0,17.0,14.0,4.0,8.0,4.0,1.0,32.0,9.0,27.0,33.0,140.0,20.0,16.0,2.0,112.0,25.0,187.0,36.0,83.0,29.0,9.0,3.0,5.0,1.0,2.0,0.0,0.0,0.0,0.0,0.0,0.0,0.0,0.0,0.0,0.0,0.0,0.0,0.0,0.0,0.0,0.0,0.0,0.0,0.0,0.0,0.0,0.0,0.0,0.0,0.0,0.0,0.0,0.0,0.0,0.0,0.0,0.0,0.0,0.0,0.0,0.0,0.0,0.0,0.0,0.0,0.0,0.0,0.0,0.0,0.0,0.0,0.0,0.0,0.0,0.0,0.0,0.0,0.0,0.0,0.0,0.0,0.0,0.0,0.0,0.0,0.0,0.0,0.0,0.0,0.0,0.0,0.0,0.0,0.0,0.0,0.0,0.0,0.0,0.0,0.0,0.0,0.0,0.0,0.0,0.0,0.0,0.0,0.0,0.0,0.0,0.0,0.0,0.0,0.0,0.0,0.0,0.0,0.0,0.0,0.0,0.0
2015-10-19,190.0,0.0,0.0,0.0,0.0,0.0,0.0,4.0,8.0,410.0,149.0,19.0,36.0,55.0,130.0,0.0,27.0,94.0,108.0,77.0,64.0,35.0,28.0,33.0,3.0,6.0,19.0,26.0,16.0,37.0,12.0,29.0,55.0,136.0,31.0,4.0,9.0,143.0,42.0,334.0,89.0,74.0,37.0,21.0,8.0,3.0,10.0,1.0,0.0,0.0,0.0,0.0,0.0,0.0,0.0,0.0,0.0,0.0,0.0,0.0,0.0,0.0,0.0,0.0,0.0,0.0,0.0,0.0,0.0,0.0,0.0,0.0,0.0,0.0,0.0,0.0,0.0,0.0,0.0,0.0,0.0,0.0,0.0,0.0,0.0,0.0,0.0,0.0,0.0,0.0,0.0,0.0,0.0,0.0,0.0,0.0,0.0,0.0,0.0,0.0,0.0,0.0,0.0,0.0,0.0,0.0,0.0,0.0,0.0,0.0,0.0,0.0,0.0,0.0,0.0,0.0,0.0,0.0,0.0,0.0,0.0,0.0,0.0,0.0,0.0,0.0,0.0,0.0,0.0,0.0,0.0,0.0,0.0,0.0,0.0,0.0,0.0,0.0,0.0,0.0,0.0,0.0,0.0,0.0
2015-10-26,132.0,0.0,0.0,0.0,0.0,0.0,0.0,4.0,15.0,260.0,135.0,32.0,25.0,41.0,112.0,3.0,18.0,76.0,59.0,53.0,79.0,28.0,22.0,29.0,2.0,2.0,5.0,20.0,9.0,24.0,2.0,27.0,10.0,139.0,31.0,3.0,1.0,154.0,20.0,175.0,33.0,79.0,25.0,7.0,5.0,2.3333333333333335,6.0,2.0,0.0,0.0,0.0,0.0,0.0,0.0,0.0,0.0,0.0,0.0,0.0,0.0,0.0,0.0,0.0,0.0,0.0,0.0,0.0,0.0,0.0,0.0,0.0,0.0,0.0,0.0,0.0,0.0,0.0,0.0,0.0,0.0,0.0,0.0,0.0,0.0,0.0,0.0,0.0,0.0,0.0,0.0,0.0,0.0,0.0,0.0,0.0,0.0,0.0,0.0,0.0,0.0,0.0,0.0,0.0,0.0,0.0,0.0,0.0,0.0,0.0,0.0,0.0,0.0,0.0,0.0,0.0,0.0,0.0,0.0,0.0,0.0,0.0,0.0,0.0,0.0,0.0,0.0,0.0,0.0,0.0,0.0,0.0,0.0,0.0,0.0,0.0,0.0,0.0,0.0,0.0,0.0,0.0,0.0,0.0,0.0
2015-11-02,115.0,0.0,0.0,0.0,0.0,0.0,0.0,4.0,30.0,212.0,86.0,11.0,29.0,35.0,85.0,10.0,4.0,62.0,44.0,48.0,42.0,17.0,18.0,27.0,1.0,1.0,15.0,9.0,14.0,21.0,4.0,21.0,20.0,128.0,27.0,3.0,15.0,73.0,42.0,161.0,26.0,83.0,18.0,2.0,4.0,1.6666666666666667,7.0,5.0,0.0,0.0,0.0,0.0,0.0,0.0,0.0,0.0,0.0,0.0,0.0,0.0,0.0,0.0,0.0,0.0,0.0,0.0,0.0,0.0,0.0,0.0,0.0,0.0,0.0,0.0,0.0,0.0,0.0,0.0,0.0,0.0,0.0,0.0,0.0,0.0,0.0,0.0,0.0,0.0,0.0,0.0,0.0,0.0,0.0,0.0,0.0,0.0,0.0,0.0,0.0,0.0,0.0,0.0,0.0,0.0,0.0,0.0,0.0,0.0,0.0,0.0,0.0,0.0,0.0,0.0,0.0,0.0,0.0,0.0,0.0,0.0,0.0,0.0,0.0,0.0,0.0,0.0,0.0,0.0,0.0,0.0,0.0,0.0,0.0,0.0,0.0,0.0,0.0,0.0,0.0,0.0,0.0,0.0,0.0,0.0
2015-11-09,114.0,0.0,0.0,0.0,0.0,0.0,0.0,4.0,0.0,216.0,92.0,10.0,24.0,37.0,74.0,12.0,8.0,46.0,19.0,60.0,53.0,16.0,15.0,5.0,17.0,5.0,7.0,11.0,11.0,16.0,8.0,48.0,30.0,90.0,26.0,13.0,0.0,76.0,17.0,139.0,35.0,87.0,14.0,13.0,4.0,1.0,1.0,2.0,0.0,0.0,0.0,0.0,0.0,0.0,0.0,0.0,0.0,0.0,0.0,0.0,0.0,0.0,0.0,0.0,0.0,0.0,0.0,0.0,0.0,0.0,0.0,0.0,0.0,0.0,0.0,0.0,0.0,0.0,0.0,0.0,0.0,0.0,0.0,0.0,0.0,0.0,0.0,0.0,0.0,0.0,0.0,0.0,0.0,0.0,0.0,0.0,0.0,0.0,0.0,0.0,0.0,0.0,0.0,0.0,0.0,0.0,0.0,0.0,0.0,0.0,0.0,0.0,0.0,0.0,0.0,0.0,0.0,0.0,0.0,0.0,0.0,0.0,0.0,0.0,0.0,0.0,0.0,0.0,0.0,0.0,0.0,0.0,0.0,0.0,0.0,0.0,0.0,0.0,0.0,0.0,0.0,0.0,0.0,0.0
2015-11-16,118.0,0.0,0.0,0.0,0.0,0.0,0.0,4.0,2.0,271.0,142.0,11.0,20.0,36.0,77.0,5.0,13.0,65.0,73.0,34.0,54.0,32.0,18.0,17.0,10.5,13.0,12.0,16.0,6.0,28.0,5.0,27.0,28.0,53.0,29.0,5.0,7.0,79.0,34.0,285.0,28.0,84.0,54.0,9.0,8.0,7.0,17.0,1.0,0.0,0.0,0.0,0.0,0.0,0.0,0.0,0.0,0.0,0.0,0.0,0.0,0.0,0.0,0.0,0.0,0.0,0.0,0.0,0.0,0.0,0.0,0.0,0.0,0.0,0.0,0.0,0.0,0.0,0.0,0.0,0.0,0.0,0.0,0.0,0.0,0.0,0.0,0.0,0.0,0.0,0.0,0.0,0.0,0.0,0.0,0.0,0.0,0.0,0.0,0.0,0.0,0.0,0.0,0.0,0.0,0.0,0.0,0.0,0.0,0.0,0.0,0.0,0.0,0.0,0.0,0.0,0.0,0.0,0.0,0.0,0.0,0.0,0.0,0.0,0.0,0.0,0.0,0.0,0.0,0.0,0.0,0.0,0.0,0.0,0.0,0.0,0.0,0.0,0.0,0.0,0.0,0.0,0.0,0.0,0.0
2015-11-23,109.0,0.0,0.0,0.0,0.0,0.0,0.0,3.0,25.0,279.0,112.0,14.0,22.0,25.0,124.0,10.0,12.0,74.0,55.0,44.0,40.0,41.0,12.0,17.0,4.0,6.0,11.0,27.0,6.0,27.0,7.0,26.0,38.0,155.0,32.0,17.0,17.0,139.0,13.0,249.0,47.0,112.0,28.0,5.0,10.0,1.0,3.0,4.0,0.0,0.0,0.0,0.0,0.0,0.0,0.0,0.0,0.0,0.0,0.0,0.0,0.0,0.0,0.0,0.0,0.0,0.0,0.0,0.0,0.0,0.0,0.0,0.0,0.0,0.0,0.0,0.0,0.0,0.0,0.0,0.0,0.0,0.0,0.0,0.0,0.0,0.0,0.0,0.0,0.0,0.0,0.0,0.0,0.0,0.0,0.0,0.0,0.0,0.0,0.0,0.0,0.0,0.0,0.0,0.0,0.0,0.0,0.0,0.0,0.0,0.0,0.0,0.0,0.0,0.0,0.0,0.0,0.0,0.0,0.0,0.0,0.0,0.0,0.0,0.0,0.0,0.0,0.0,0.0,0.0,0.0,0.0,0.0,0.0,0.0,0.0,0.0,0.0,0.0,0.0,0.0,0.0,0.0,0.0,0.0
2015-11-30,104.0,0.0,0.0,0.0,0.0,0.0,0.0,3.0,14.0,188.0,96.0,13.0,16.0,18.0,97.0,4.0,16.0,64.0,41.0,31.0,19.0,32.0,5.0,10.0,3.0,7.0,9.0,8.0,5.0,21.0,21.0,23.0,42.0,60.0,29.0,11.0,20.0,64.0,22.0,185.0,28.0,91.0,25.0,3.0,9.0,0.0,8.0,1.0,0.0,0.0,0.0,0.0,0.0,0.0,0.0,0.0,0.0,0.0,0.0,0.0,0.0,0.0,0.0,0.0,0.0,0.0,0.0,0.0,0.0,0.0,0.0,0.0,0.0,0.0,0.0,0.0,0.0,0.0,0.0,0.0,0.0,0.0,0.0,0.0,0.0,0.0,0.0,0.0,0.0,0.0,0.0,0.0,0.0,0.0,0.0,0.0,0.0,0.0,0.0,0.0,0.0,0.0,0.0,0.0,0.0,0.0,0.0,0.0,0.0,0.0,0.0,0.0,0.0,0.0,0.0,0.0,0.0,0.0,0.0,0.0,0.0,0.0,0.0,0.0,0.0,0.0,0.0,0.0,0.0,0.0,0.0,0.0,0.0,0.0,0.0,0.0,0.0,0.0,0.0,0.0,0.0,0.0,0.0,0.0
2015-12-07,81.0,0.0,0.0,0.0,0.0,0.0,0.0,3.0,13.5,186.0,98.0,18.0,16.0,13.0,69.0,3.0,3.0,64.0,35.0,25.0,31.0,17.0,13.0,1.0,8.0,5.0,9.0,7.0,3.0,11.0,4.0,44.0,32.0,52.0,13.0,21.0,10.0,54.0,14.0,134.0,15.0,44.0,26.0,16.0,8.0,5.0,10.5,2.0,0.0,0.0,0.0,0.0,0.0,0.0,0.0,0.0,0.0,0.0,0.0,0.0,0.0,0.0,0.0,0.0,0.0,0.0,0.0,0.0,0.0,0.0,0.0,0.0,0.0,0.0,0.0,0.0,0.0,0.0,0.0,0.0,0.0,0.0,0.0,0.0,0.0,0.0,0.0,0.0,0.0,0.0,0.0,0.0,0.0,0.0,0.0,0.0,0.0,0.0,0.0,0.0,0.0,0.0,0.0,0.0,0.0,0.0,0.0,0.0,0.0,0.0,0.0,0.0,0.0,0.0,0.0,0.0,0.0,0.0,0.0,0.0,0.0,0.0,0.0,0.0,0.0,0.0,0.0,0.0,0.0,0.0,0.0,0.0,0.0,0.0,0.0,0.0,0.0,0.0,0.0,0.0,0.0,0.0,0.0,0.0
2015-12-14,107.0,0.0,0.0,0.0,0.0,0.0,0.0,3.0,13.0,196.0,62.0,18.0,20.0,29.0,81.0,4.5,12.0,74.0,58.0,50.0,29.0,16.0,18.0,27.0,1.0,1.0,7.0,2.0,20.0,10.0,13.0,41.0,53.0,67.0,21.0,16.0,8.0,45.0,25.0,166.0,39.0,76.0,22.0,7.0,1.0,5.0,13.0,1.0,0.0,0.0,0.0,0.0,0.0,0.0,0.0,0.0,0.0,0.0,0.0,0.0,0.0,0.0,0.0,0.0,0.0,0.0,0.0,0.0,0.0,0.0,0.0,0.0,0.0,0.0,0.0,0.0,0.0,0.0,0.0,0.0,0.0,0.0,0.0,0.0,0.0,0.0,0.0,0.0,0.0,0.0,0.0,0.0,0.0,0.0,0.0,0.0,0.0,0.0,0.0,0.0,0.0,0.0,0.0,0.0,0.0,0.0,0.0,0.0,0.0,0.0,0.0,0.0,0.0,0.0,0.0,0.0,0.0,0.0,0.0,0.0,0.0,0.0,0.0,0.0,0.0,0.0,0.0,0.0,0.0,0.0,0.0,0.0,0.0,0.0,0.0,0.0,0.0,0.0,0.0,0.0,0.0,0.0,0.0,0.0
2015-12-21,63.0,0.0,0.0,0.0,0.0,0.0,0.0,2.0,11.0,165.0,64.0,19.0,9.0,9.0,62.0,6.0,7.0,44.0,35.0,24.0,24.0,24.0,2.0,15.0,3.0,7.0,13.0,6.0,18.0,11.0,20.0,13.0,39.0,46.0,4.0,6.0,20.0,88.0,16.0,95.0,35.0,118.0,14.0,6.0,2.0,3.0,1.0,1.5,0.0,0.0,0.0,0.0,0.0,0.0,0.0,0.0,0.0,0.0,0.0,0.0,0.0,0.0,0.0,0.0,0.0,0.0,0.0,0.0,0.0,0.0,0.0,0.0,0.0,0.0,0.0,0.0,0.0,0.0,0.0,0.0,0.0,0.0,0.0,0.0,0.0,0.0,0.0,0.0,0.0,0.0,0.0,0.0,0.0,0.0,0.0,0.0,0.0,0.0,0.0,0.0,0.0,0.0,0.0,0.0,0.0,0.0,0.0,0.0,0.0,0.0,0.0,0.0,0.0,0.0,0.0,0.0,0.0,0.0,0.0,0.0,0.0,0.0,0.0,0.0,0.0,0.0,0.0,0.0,0.0,0.0,0.0,0.0,0.0,0.0,0.0,0.0,0.0,0.0,0.0,0.0,0.0,0.0,0.0,0.0
2015-12-28,103.0,0.0,0.0,0.0,0.0,0.0,0.0,1.0,9.0,262.0,93.0,26.0,19.0,24.0,89.0,4.0,4.0,33.0,38.0,32.0,62.0,20.0,10.0,18.0,5.0,9.0,12.0,6.0,16.0,17.0,13.0,29.0,10.0,100.0,4.0,12.0,11.0,94.0,15.0,144.0,46.0,111.0,12.0,7.0,3.0,2.0,7.0,2.0,0.0,0.0,0.0,0.0,0.0,0.0,0.0,0.0,0.0,0.0,0.0,0.0,0.0,0.0,0.0,0.0,0.0,0.0,0.0,0.0,0.0,0.0,0.0,0.0,0.0,0.0,0.0,0.0,0.0,0.0,0.0,0.0,0.0,0.0,0.0,0.0,0.0,0.0,0.0,0.0,0.0,0.0,0.0,0.0,0.0,0.0,0.0,0.0,0.0,0.0,0.0,0.0,0.0,0.0,0.0,0.0,0.0,0.0,0.0,0.0,0.0,0.0,0.0,0.0,0.0,0.0,0.0,0.0,0.0,0.0,0.0,0.0,0.0,0.0,0.0,0.0,0.0,0.0,0.0,0.0,0.0,0.0,0.0,0.0,0.0,0.0,0.0,0.0,0.0,0.0,0.0,0.0,0.0,0.0,0.0,0.0
2016-01-04,77.0,0.0,0.0,0.0,0.0,0.0,0.0,1.0,3.0,153.0,63.0,9.0,11.0,10.0,71.0,2.0,17.0,52.0,10.0,15.0,22.0,20.0,4.0,7.0,5.0,3.0,5.0,7.0,2.0,5.0,3.0,86.0,10.0,73.0,26.0,4.0,0.0,52.0,29.0,148.0,43.0,85.0,16.0,6.0,5.0,6.0,4.0,1.0,0.0,0.0,0.0,0.0,0.0,0.0,0.0,0.0,0.0,0.0,0.0,0.0,0.0,0.0,0.0,0.0,0.0,0.0,0.0,0.0,0.0,0.0,0.0,0.0,0.0,0.0,0.0,0.0,0.0,0.0,0.0,0.0,0.0,0.0,0.0,0.0,0.0,0.0,0.0,0.0,0.0,0.0,0.0,0.0,0.0,0.0,0.0,0.0,0.0,0.0,0.0,0.0,0.0,0.0,0.0,0.0,0.0,0.0,0.0,0.0,0.0,0.0,0.0,0.0,0.0,0.0,0.0,0.0,0.0,0.0,0.0,0.0,0.0,0.0,0.0,0.0,0.0,0.0,0.0,0.0,0.0,0.0,0.0,0.0,0.0,0.0,0.0,0.0,0.0,0.0,0.0,0.0,0.0,0.0,0.0,0.0
2016-01-11,76.0,0.0,0.0,0.0,0.0,0.0,0.0,1.0,3.0,115.0,65.0,5.0,16.0,18.0,48.0,4.0,11.0,39.0,32.0,29.0,55.0,23.0,2.0,7.0,4.0,5.0,1.0,0.0,8.0,21.0,8.0,9.0,25.0,96.0,3.0,8.0,2.0,53.0,1.0,162.0,17.0,78.0,10.0,8.0,5.0,1.0,2.0,3.0,0.0,0.0,0.0,0.0,0.0,0.0,0.0,0.0,0.0,0.0,0.0,0.0,0.0,0.0,0.0,0.0,0.0,0.0,0.0,0.0,0.0,0.0,0.0,0.0,0.0,0.0,0.0,0.0,0.0,0.0,0.0,0.0,0.0,0.0,0.0,0.0,0.0,0.0,0.0,0.0,0.0,0.0,0.0,0.0,0.0,0.0,0.0,0.0,0.0,0.0,0.0,0.0,0.0,0.0,0.0,0.0,0.0,0.0,0.0,0.0,0.0,0.0,0.0,0.0,0.0,0.0,0.0,0.0,0.0,0.0,0.0,0.0,0.0,0.0,0.0,0.0,0.0,0.0,0.0,0.0,0.0,0.0,0.0,0.0,0.0,0.0,0.0,0.0,0.0,0.0,0.0,0.0,0.0,0.0,0.0,0.0
2016-01-18,61.0,0.0,0.0,0.0,0.0,0.0,0.0,1.5,3.0,106.0,45.0,11.0,11.0,5.0,47.0,7.0,11.0,28.0,22.0,12.0,5.0,16.0,7.0,9.0,3.0,5.0,2.0,2.0,2.0,11.0,5.0,27.0,42.0,53.0,8.0,12.0,14.0,36.0,13.0,103.0,31.0,51.0,10.0,8.0,8.0,3.0,3.0,0.0,0.0,0.0,0.0,0.0,0.0,0.0,0.0,0.0,0.0,0.0,0.0,0.0,0.0,0.0,0.0,0.0,0.0,0.0,0.0,0.0,0.0,0.0,0.0,0.0,0.0,0.0,0.0,0.0,0.0,0.0,0.0,0.0,0.0,0.0,0.0,0.0,0.0,0.0,0.0,0.0,0.0,0.0,0.0,0.0,0.0,0.0,0.0,0.0,0.0,0.0,0.0,0.0,0.0,0.0,0.0,0.0,0.0,0.0,0.0,0.0,0.0,0.0,0.0,0.0,0.0,0.0,0.0,0.0,0.0,0.0,0.0,0.0,0.0,0.0,0.0,0.0,0.0,0.0,0.0,0.0,0.0,0.0,0.0,0.0,0.0,0.0,0.0,0.0,0.0,0.0,0.0,0.0,0.0,0.0,0.0,0.0
2016-01-25,60.0,0.0,0.0,0.0,0.0,0.0,0.0,2.0,2.0,167.0,63.0,9.0,8.0,28.0,42.0,10.0,11.0,60.0,49.0,26.0,22.0,32.0,4.0,3.0,2.0,3.0,3.0,3.0,1.0,13.0,2.0,25.0,37.0,90.0,9.0,11.0,6.0,78.0,17.0,107.0,38.0,66.0,17.0,7.0,2.0,5.0,1.0,0.5,0.0,0.0,0.0,0.0,0.0,0.0,0.0,0.0,0.0,0.0,0.0,0.0,0.0,0.0,0.0,0.0,0.0,0.0,0.0,0.0,0.0,0.0,0.0,0.0,0.0,0.0,0.0,0.0,0.0,0.0,0.0,0.0,0.0,0.0,0.0,0.0,0.0,0.0,0.0,0.0,0.0,0.0,0.0,0.0,0.0,0.0,0.0,0.0,0.0,0.0,0.0,0.0,0.0,0.0,0.0,0.0,0.0,0.0,0.0,0.0,0.0,0.0,0.0,0.0,0.0,0.0,0.0,0.0,0.0,0.0,0.0,0.0,0.0,0.0,0.0,0.0,0.0,0.0,0.0,0.0,0.0,0.0,0.0,0.0,0.0,0.0,0.0,0.0,0.0,0.0,0.0,0.0,0.0,0.0,0.0,0.0
2016-02-01,61.0,0.0,0.0,0.0,0.0,0.0,0.0,2.5,9.0,154.0,56.0,10.0,10.0,8.0,62.0,6.0,1.0,38.0,31.0,29.0,19.0,15.0,13.0,5.0,1.0,1.0,4.0,4.0,5.0,6.0,2.0,33.0,19.0,56.0,17.0,19.0,9.0,54.0,6.0,130.0,27.0,64.0,20.0,8.0,5.0,9.0,7.0,1.0,0.0,0.0,0.0,0.0,0.0,0.0,0.0,0.0,0.0,0.0,0.0,0.0,0.0,0.0,0.0,0.0,0.0,0.0,0.0,0.0,0.0,0.0,0.0,0.0,0.0,0.0,0.0,0.0,0.0,0.0,0.0,0.0,0.0,0.0,0.0,0.0,0.0,0.0,0.0,0.0,0.0,0.0,0.0,0.0,0.0,0.0,0.0,0.0,0.0,0.0,0.0,0.0,0.0,0.0,0.0,0.0,0.0,0.0,0.0,0.0,0.0,0.0,0.0,0.0,0.0,0.0,0.0,0.0,0.0,0.0,0.0,0.0,0.0,0.0,0.0,0.0,0.0,0.0,0.0,0.0,0.0,0.0,0.0,0.0,0.0,0.0,0.0,0.0,0.0,0.0,0.0,0.0,0.0,0.0,0.0,0.0
2016-02-08,72.0,0.0,0.0,0.0,0.0,0.0,0.0,3.0,3.0,126.0,92.0,13.0,10.0,19.0,61.0,18.0,4.0,75.0,15.0,34.0,27.0,5.0,3.0,7.0,0.0,10.0,5.0,7.0,11.0,27.0,2.0,21.0,11.0,56.0,18.0,9.0,9.0,53.0,3.0,135.0,24.0,60.0,10.0,6.0,4.0,0.0,5.0,1.0,0.0,0.0,0.0,0.0,0.0,0.0,0.0,0.0,0.0,0.0,0.0,0.0,0.0,0.0,0.0,0.0,0.0,0.0,0.0,0.0,0.0,0.0,0.0,0.0,0.0,0.0,0.0,0.0,0.0,0.0,0.0,0.0,0.0,0.0,0.0,0.0,0.0,0.0,0.0,0.0,0.0,0.0,0.0,0.0,0.0,0.0,0.0,0.0,0.0,0.0,0.0,0.0,0.0,0.0,0.0,0.0,0.0,0.0,0.0,0.0,0.0,0.0,0.0,0.0,0.0,0.0,0.0,0.0,0.0,0.0,0.0,0.0,0.0,0.0,0.0,0.0,0.0,0.0,0.0,0.0,0.0,0.0,0.0,0.0,0.0,0.0,0.0,0.0,0.0,0.0,0.0,0.0,0.0,0.0,0.0,0.0
2016-02-15,77.0,0.0,0.0,0.0,0.0,0.0,0.0,4.5,5.0,157.0,61.0,16.0,7.0,11.0,47.0,11.0,12.0,45.0,50.0,31.0,17.0,12.0,9.0,1.0,1.0,4.0,3.0,5.0,11.0,9.0,16.0,6.0,9.0,89.0,15.0,8.0,13.0,97.0,16.0,72.0,23.0,37.0,19.0,11.0,3.0,8.0,3.0,1.0,0.0,0.0,0.0,0.0,0.0,0.0,0.0,0.0,0.0,0.0,0.0,0.0,0.0,0.0,0.0,0.0,0.0,0.0,0.0,0.0,0.0,0.0,0.0,0.0,0.0,0.0,0.0,0.0,0.0,0.0,0.0,0.0,0.0,0.0,0.0,0.0,0.0,0.0,0.0,0.0,0.0,0.0,0.0,0.0,0.0,0.0,0.0,0.0,0.0,0.0,0.0,0.0,0.0,0.0,0.0,0.0,0.0,0.0,0.0,0.0,0.0,0.0,0.0,0.0,0.0,0.0,0.0,0.0,0.0,0.0,0.0,0.0,0.0,0.0,0.0,0.0,0.0,0.0,0.0,0.0,0.0,0.0,0.0,0.0,0.0,0.0,0.0,0.0,0.0,0.0,0.0,0.0,0.0,0.0,0.0,0.0
2016-02-22,83.0,0.0,0.0,0.0,0.0,0.0,0.0,6.0,10.0,246.0,102.0,24.0,18.0,17.0,89.0,7.5,16.0,93.0,56.0,50.0,30.0,24.0,12.0,2.0,15.0,3.0,7.0,3.0,7.0,35.0,8.0,29.0,11.0,93.0,15.0,18.0,11.0,84.0,29.0,195.0,23.0,95.0,17.0,11.0,8.0,2.0,1.0,1.5,0.0,0.0,0.0,0.0,0.0,0.0,0.0,0.0,0.0,0.0,0.0,0.0,0.0,0.0,0.0,0.0,0.0,0.0,0.0,0.0,0.0,0.0,0.0,0.0,0.0,0.0,0.0,0.0,0.0,0.0,0.0,0.0,0.0,0.0,0.0,0.0,0.0,0.0,0.0,0.0,0.0,0.0,0.0,0.0,0.0,0.0,0.0,0.0,0.0,0.0,0.0,0.0,0.0,0.0,0.0,0.0,0.0,0.0,0.0,0.0,0.0,0.0,0.0,0.0,0.0,0.0,0.0,0.0,0.0,0.0,0.0,0.0,0.0,0.0,0.0,0.0,0.0,0.0,0.0,0.0,0.0,0.0,0.0,0.0,0.0,0.0,0.0,0.0,0.0,0.0,0.0,0.0,0.0,0.0,0.0,0.0
2016-02-29,134.0,0.0,0.0,0.0,0.0,0.0,0.0,6.0,17.0,208.0,185.0,31.0,14.0,36.0,81.0,4.0,2.0,65.0,25.0,41.0,47.0,18.0,16.0,12.0,13.0,2.0,7.0,13.0,19.0,27.0,7.0,23.0,18.0,285.0,23.0,2.0,8.0,233.0,12.0,670.0,152.0,223.0,70.0,8.0,10.5,0.0,18.0,2.0,0.0,0.0,0.0,0.0,0.0,0.0,0.0,0.0,0.0,0.0,0.0,25.0,25.0,25.0,25.0,0.0,0.0,0.0,0.0,0.0,0.0,0.0,0.0,0.0,0.0,0.0,0.0,0.0,0.0,0.0,0.0,0.0,0.0,20.0,20.0,0.0,0.0,20.0,20.0,20.0,20.0,20.0,20.0,0.0,0.0,0.0,0.0,0.0,0.0,0.0,0.0,0.0,0.0,0.0,0.0,0.0,0.0,0.0,0.0,7.0,7.0,7.0,7.0,0.0,0.0,0.0,0.0,0.0,0.0,0.0,0.0,0.0,0.0,0.0,0.0,0.0,0.0,0.0,0.0,0.0,0.0,7.0,7.0,0.0,0.0,7.0,7.0,7.0,7.0,7.0,7.0,0.0,0.0,0.0,0.0,0.0
2016-03-07,124.0,0.0,0.0,0.0,0.0,0.0,0.0,6.0,11.0,267.0,111.0,30.0,21.0,41.0,102.0,25.0,12.0,47.0,57.0,66.0,61.0,18.0,10.0,4.0,10.0,11.0,14.0,0.0,14.0,27.0,10.0,32.0,11.0,110.0,22.0,25.0,6.0,87.0,24.0,268.0,88.0,77.0,28.0,16.0,13.0,3.0,6.0,1.0,0.0,0.0,0.0,0.0,0.0,0.0,0.0,0.0,0.0,0.0,0.0,0.0,0.0,0.0,0.0,0.0,0.0,0.0,0.0,0.0,0.0,0.0,0.0,0.0,0.0,0.0,0.0,0.0,0.0,0.0,0.0,0.0,0.0,0.0,0.0,0.0,0.0,0.0,0.0,0.0,0.0,0.0,0.0,0.0,0.0,0.0,0.0,0.0,0.0,0.0,0.0,0.0,0.0,0.0,0.0,0.0,0.0,0.0,0.0,0.0,0.0,0.0,0.0,0.0,0.0,0.0,0.0,0.0,0.0,0.0,0.0,0.0,0.0,0.0,0.0,0.0,0.0,0.0,0.0,0.0,0.0,0.0,0.0,0.0,0.0,0.0,0.0,0.0,0.0,0.0,0.0,0.0,0.0,0.0,0.0,0.0
2016-03-14,166.0,0.0,0.0,0.0,0.0,0.0,2.0,6.0,4.0,318.0,116.0,23.0,31.0,30.0,115.0,17.0,22.0,122.0,50.0,58.0,53.0,10.0,34.0,12.0,7.0,5.0,30.0,33.0,14.0,29.0,17.0,39.0,6.0,175.0,5.0,4.0,18.0,122.0,36.0,251.0,34.0,100.0,42.0,1.0,12.0,3.0,6.0,1.0,0.0,0.0,0.0,0.0,0.0,0.0,0.0,0.0,0.0,0.0,0.0,20.0,20.0,20.0,20.0,0.0,0.0,0.0,0.0,0.0,0.0,0.0,0.0,0.0,0.0,0.0,0.0,0.0,0.0,0.0,0.0,0.0,0.0,0.0,0.0,0.0,0.0,0.0,0.0,0.0,0.0,0.0,0.0,0.0,0.0,0.0,0.0,0.0,0.0,0.0,0.0,0.0,0.0,0.0,0.0,0.0,0.0,0.0,0.0,7.0,7.0,7.0,7.0,0.0,0.0,0.0,0.0,0.0,0.0,0.0,0.0,0.0,0.0,0.0,0.0,0.0,0.0,0.0,0.0,0.0,0.0,0.0,0.0,0.0,0.0,0.0,0.0,0.0,0.0,0.0,0.0,0.0,0.0,0.0,0.0,0.0
2016-03-21,159.0,0.0,0.0,0.0,0.0,0.0,1.0,5.5,7.0,331.0,138.0,15.0,32.0,25.0,113.0,5.0,9.0,72.0,100.0,48.0,61.0,33.0,12.0,11.0,11.0,3.0,1.0,10.0,8.0,34.0,20.0,32.0,22.0,157.0,10.0,16.0,31.0,109.0,17.0,297.0,92.0,132.0,20.0,3.0,12.0,3.0,3.0,1.0,0.0,0.0,0.0,0.0,0.0,0.0,0.0,0.0,0.0,0.0,0.0,0.0,0.0,0.0,0.0,0.0,0.0,0.0,0.0,0.0,0.0,0.0,0.0,0.0,0.0,0.0,0.0,0.0,0.0,0.0,0.0,0.0,0.0,0.0,0.0,0.0,0.0,0.0,0.0,0.0,0.0,0.0,0.0,0.0,0.0,0.0,0.0,0.0,0.0,0.0,0.0,0.0,0.0,0.0,0.0,0.0,0.0,0.0,0.0,0.0,0.0,0.0,0.0,0.0,0.0,0.0,0.0,0.0,0.0,0.0,0.0,0.0,0.0,0.0,0.0,0.0,0.0,0.0,0.0,0.0,0.0,0.0,0.0,0.0,0.0,0.0,0.0,0.0,0.0,0.0,0.0,0.0,0.0,0.0,0.0,0.0
2016-03-28,248.0,0.0,0.0,0.0,0.0,0.0,5.0,5.0,8.0,598.0,225.0,27.0,40.0,74.0,193.0,1.0,41.0,164.0,94.0,86.0,91.0,44.0,32.0,36.0,18.0,3.0,16.0,28.0,24.0,39.0,29.0,27.0,10.0,249.0,56.0,24.0,12.0,231.0,54.0,424.0,113.0,214.0,61.0,14.0,12.0,10.0,12.0,5.0,0.0,0.0,0.0,0.0,0.0,0.0,0.0,0.0,0.0,0.0,0.0,0.0,0.0,0.0,0.0,0.0,0.0,0.0,0.0,0.0,0.0,0.0,0.0,0.0,0.0,0.0,0.0,0.0,0.0,0.0,0.0,0.0,0.0,0.0,0.0,0.0,0.0,0.0,0.0,0.0,0.0,0.0,0.0,0.0,0.0,0.0,0.0,0.0,0.0,0.0,0.0,0.0,0.0,0.0,0.0,0.0,0.0,0.0,0.0,0.0,0.0,0.0,0.0,0.0,0.0,0.0,0.0,0.0,0.0,0.0,0.0,0.0,0.0,0.0,0.0,0.0,0.0,0.0,0.0,0.0,0.0,0.0,0.0,0.0,0.0,0.0,0.0,0.0,0.0,0.0,0.0,0.0,0.0,0.0,0.0,0.0
2016-04-04,232.0,0.0,0.0,0.0,10.0,0.0,8.0,3.0,18.0,453.0,188.0,57.0,38.0,47.0,173.0,21.0,31.0,118.0,95.0,86.0,62.0,54.0,19.0,12.0,25.0,13.0,25.0,29.0,14.0,56.0,24.0,31.0,33.0,177.0,41.0,11.0,14.0,187.0,36.0,364.0,91.0,163.0,42.0,4.0,7.0,8.0,9.0,1.0,0.0,0.0,0.0,0.0,0.0,0.0,0.0,0.0,0.0,0.0,0.0,25.0,25.0,25.0,25.0,0.0,0.0,0.0,0.0,0.0,0.0,0.0,0.0,0.0,0.0,0.0,0.0,0.0,0.0,0.0,0.0,0.0,0.0,0.0,0.0,0.0,0.0,0.0,0.0,0.0,0.0,0.0,0.0,0.0,0.0,0.0,0.0,0.0,0.0,0.0,0.0,0.0,0.0,0.0,0.0,0.0,0.0,0.0,0.0,7.0,7.0,7.0,7.0,0.0,0.0,0.0,0.0,0.0,0.0,0.0,0.0,0.0,0.0,0.0,0.0,0.0,0.0,0.0,0.0,0.0,0.0,0.0,0.0,0.0,0.0,0.0,0.0,0.0,0.0,0.0,0.0,0.0,0.0,0.0,0.0,0.0
2016-04-11,258.0,0.0,0.0,2.0,15.0,51.0,393.0,5.0,18.0,412.0,194.0,40.0,36.0,45.0,142.0,3.0,22.0,142.0,143.0,100.0,88.0,41.0,30.0,18.0,22.0,11.0,10.0,23.0,22.0,51.0,18.0,29.0,14.0,204.0,36.0,18.0,5.0,202.0,47.0,398.0,110.0,160.0,57.0,10.0,6.0,15.0,8.0,1.0,0.0,0.0,0.0,0.0,0.0,0.0,0.0,0.0,0.0,0.0,0.0,0.0,0.0,0.0,0.0,0.0,0.0,0.0,0.0,0.0,0.0,0.0,0.0,0.0,0.0,0.0,0.0,0.0,0.0,0.0,0.0,0.0,0.0,0.0,0.0,0.0,0.0,0.0,0.0,0.0,0.0,0.0,0.0,0.0,0.0,0.0,0.0,0.0,0.0,0.0,0.0,0.0,0.0,0.0,0.0,0.0,0.0,0.0,0.0,0.0,0.0,0.0,0.0,0.0,0.0,0.0,0.0,0.0,0.0,0.0,0.0,0.0,0.0,0.0,0.0,0.0,0.0,0.0,0.0,0.0,0.0,0.0,0.0,0.0,0.0,0.0,0.0,0.0,0.0,0.0,0.0,0.0,0.0,0.0,0.0,0.0
2016-04-18,206.0,4.0,5.0,33.0,83.0,92.0,908.0,6.0,8.0,504.0,162.0,53.0,40.0,64.0,183.0,7.0,12.0,110.0,98.0,53.0,79.0,43.0,13.0,12.0,21.0,15.0,7.0,20.0,10.0,38.0,14.0,44.0,22.0,195.0,35.0,15.0,3.0,153.0,27.0,270.0,72.0,93.0,42.0,7.0,15.0,1.0,3.0,1.0,0.0,0.0,0.0,0.0,0.0,0.0,0.0,0.0,0.0,0.0,0.0,25.0,25.0,25.0,25.0,0.0,0.0,0.0,0.0,0.0,0.0,0.0,0.0,0.0,0.0,0.0,0.0,0.0,0.0,0.0,0.0,0.0,0.0,0.0,0.0,0.0,0.0,0.0,0.0,0.0,0.0,0.0,0.0,0.0,0.0,0.0,0.0,0.0,0.0,0.0,0.0,0.0,0.0,0.0,0.0,0.0,0.0,0.0,0.0,7.0,7.0,7.0,7.0,0.0,0.0,0.0,0.0,0.0,0.0,0.0,0.0,0.0,0.0,0.0,0.0,0.0,0.0,0.0,0.0,0.0,0.0,0.0,0.0,0.0,0.0,0.0,0.0,0.0,0.0,0.0,0.0,0.0,0.0,0.0,0.0,0.0
2016-04-25,239.0,1.0,6.0,45.0,145.0,144.0,1073.0,1.0,18.0,482.0,214.0,57.0,42.0,56.0,211.0,7.0,24.0,116.0,125.0,104.0,41.0,72.0,27.0,44.0,4.0,6.0,14.0,21.0,30.0,39.0,32.0,17.0,37.0,227.0,55.0,30.0,16.0,250.0,86.0,312.0,52.0,168.0,18.0,1.0,10.0,1.0,7.0,5.0,0.0,0.0,0.0,0.0,0.0,0.0,0.0,0.0,0.0,0.0,0.0,0.0,0.0,0.0,0.0,0.0,0.0,0.0,0.0,0.0,0.0,0.0,0.0,0.0,0.0,0.0,0.0,0.0,0.0,0.0,0.0,0.0,0.0,0.0,0.0,0.0,0.0,0.0,0.0,0.0,0.0,0.0,0.0,0.0,0.0,0.0,0.0,0.0,0.0,0.0,0.0,0.0,0.0,0.0,7.0,0.0,0.0,0.0,0.0,0.0,0.0,0.0,0.0,0.0,0.0,0.0,0.0,0.0,0.0,0.0,0.0,0.0,0.0,0.0,0.0,0.0,0.0,0.0,0.0,0.0,0.0,0.0,0.0,0.0,0.0,0.0,0.0,0.0,0.0,0.0,0.0,0.0,0.0,0.0,0.0,0.0
2016-05-02,375.0,4.0,11.0,41.0,197.0,309.0,1704.0,9.0,15.0,741.0,345.0,87.0,86.0,104.0,296.0,5.0,41.0,222.0,147.0,147.0,150.0,103.0,24.0,64.0,8.0,17.0,16.0,36.0,57.0,54.0,22.0,44.0,33.0,271.0,117.0,9.0,29.0,321.0,132.0,546.0,140.0,240.0,98.0,15.0,22.0,2.0,10.0,0.0,0.0,0.0,0.0,0.0,0.0,0.0,0.0,0.0,0.0,0.0,0.0,0.0,0.0,0.0,0.0,0.0,0.0,0.0,0.0,0.0,0.0,0.0,0.0,0.0,0.0,0.0,0.0,0.0,0.0,0.0,0.0,0.0,0.0,0.0,0.0,0.0,0.0,0.0,0.0,0.0,0.0,0.0,0.0,0.0,0.0,0.0,0.0,0.0,0.0,0.0,0.0,0.0,0.0,0.0,0.0,0.0,0.0,0.0,0.0,0.0,0.0,0.0,0.0,0.0,0.0,0.0,0.0,0.0,0.0,0.0,0.0,0.0,0.0,0.0,0.0,0.0,0.0,0.0,0.0,0.0,0.0,0.0,0.0,0.0,0.0,0.0,0.0,0.0,0.0,0.0,0.0,0.0,0.0,0.0,0.0,0.0
2016-05-09,203.0,1.0,3.0,61.0,175.0,196.0,1165.0,4.0,17.0,436.0,186.0,41.0,36.0,45.0,172.0,9.0,23.0,83.0,72.0,76.0,40.0,47.0,28.0,27.0,20.0,2.0,11.0,17.0,26.0,45.0,23.0,27.0,17.0,158.0,54.0,5.0,1.0,181.0,62.0,254.0,78.0,190.0,45.0,3.0,13.0,11.0,5.0,7.0,0.0,25.0,25.0,25.0,25.0,25.0,25.0,0.0,0.0,0.0,0.0,25.0,25.0,25.0,25.0,0.0,0.0,0.0,0.0,0.0,0.0,0.0,0.0,0.0,0.0,0.0,0.0,0.0,0.0,0.0,0.0,0.0,0.0,0.0,0.0,0.0,0.0,0.0,0.0,0.0,0.0,0.0,0.0,0.0,0.0,0.0,0.0,0.0,0.0,7.0,7.0,7.0,7.0,7.0,7.0,0.0,0.0,0.0,0.0,7.0,7.0,7.0,7.0,0.0,0.0,0.0,0.0,0.0,0.0,0.0,0.0,0.0,0.0,0.0,0.0,0.0,0.0,0.0,0.0,0.0,0.0,0.0,0.0,0.0,0.0,0.0,0.0,0.0,0.0,0.0,0.0,0.0,0.0,0.0,0.0,0.0
2016-05-16,247.0,9.0,7.0,101.0,211.0,317.0,1357.0,10.0,13.0,442.0,223.0,41.0,47.0,36.0,195.0,20.0,17.0,92.0,96.0,72.0,72.0,43.0,41.0,48.0,5.0,18.0,14.0,48.0,21.0,50.0,27.0,31.0,39.0,172.0,44.0,38.0,20.0,198.0,30.0,275.0,64.0,161.0,65.0,10.0,7.0,3.0,6.0,4.0,0.0,25.0,25.0,25.0,25.0,25.0,25.0,0.0,0.0,0.0,0.0,25.0,25.0,25.0,25.0,0.0,0.0,0.0,0.0,0.0,0.0,0.0,0.0,0.0,0.0,0.0,0.0,0.0,0.0,0.0,0.0,0.0,0.0,0.0,0.0,0.0,0.0,0.0,0.0,0.0,0.0,0.0,0.0,0.0,0.0,0.0,0.0,0.0,0.0,1.0,1.0,1.0,1.0,1.0,1.0,0.0,0.0,0.0,0.0,1.0,1.0,1.0,1.0,0.0,0.0,0.0,0.0,0.0,0.0,0.0,0.0,0.0,0.0,0.0,0.0,0.0,0.0,0.0,0.0,0.0,0.0,0.0,0.0,0.0,0.0,0.0,0.0,0.0,0.0,0.0,0.0,0.0,0.0,0.0,0.0,0.0
2016-05-23,234.0,4.0,11.0,105.0,274.0,280.0,1495.0,13.0,44.0,487.0,216.0,39.0,38.0,53.0,216.0,11.0,16.0,115.0,75.0,35.0,61.0,63.0,17.0,24.0,14.0,24.0,16.0,0.0,26.0,31.0,6.0,27.0,31.0,253.0,50.0,0.0,6.0,299.0,68.0,317.0,69.0,214.0,60.0,10.0,19.0,5.0,0.0,1.0,0.0,0.0,0.0,0.0,0.0,0.0,0.0,0.0,0.0,0.0,0.0,0.0,0.0,0.0,0.0,0.0,0.0,0.0,0.0,0.0,0.0,0.0,0.0,0.0,0.0,0.0,0.0,0.0,0.0,0.0,0.0,0.0,0.0,0.0,0.0,0.0,0.0,0.0,0.0,0.0,0.0,0.0,0.0,0.0,0.0,0.0,0.0,0.0,0.0,0.0,0.0,0.0,0.0,0.0,0.0,0.0,0.0,0.0,0.0,0.0,0.0,0.0,0.0,0.0,0.0,0.0,0.0,0.0,0.0,0.0,0.0,0.0,0.0,0.0,0.0,0.0,0.0,0.0,0.0,0.0,0.0,0.0,0.0,0.0,0.0,0.0,0.0,0.0,0.0,0.0,0.0,0.0,0.0,0.0,0.0,0.0
2016-05-30,237.0,15.0,16.0,97.0,358.0,440.0,1460.0,8.0,21.0,485.0,245.0,65.0,59.0,58.0,160.0,1.0,32.0,119.0,103.0,97.0,72.0,51.0,18.0,30.0,8.0,7.0,10.0,6.0,25.0,47.0,14.0,27.0,25.0,232.0,61.0,12.0,6.0,294.0,76.0,378.0,130.0,141.0,54.0,14.0,12.0,12.0,12.0,1.0,0.0,25.0,25.0,25.0,25.0,25.0,25.0,0.0,0.0,0.0,0.0,25.0,25.0,25.0,25.0,0.0,0.0,0.0,0.0,0.0,0.0,0.0,0.0,0.0,0.0,0.0,0.0,0.0,0.0,0.0,0.0,0.0,0.0,0.0,0.0,0.0,0.0,0.0,0.0,0.0,0.0,0.0,0.0,0.0,0.0,0.0,0.0,0.0,0.0,7.0,7.0,7.0,7.0,7.0,7.0,0.0,0.0,0.0,0.0,7.0,7.0,7.0,7.0,0.0,0.0,0.0,0.0,0.0,0.0,0.0,0.0,0.0,0.0,0.0,0.0,0.0,0.0,0.0,0.0,0.0,0.0,0.0,0.0,0.0,0.0,0.0,0.0,0.0,0.0,0.0,0.0,0.0,0.0,0.0,0.0,0.0
2016-06-06,237.0,9.0,14.0,58.0,268.0,315.0,1305.0,5.0,0.0,448.0,202.0,40.0,47.0,56.0,170.0,7.0,18.0,95.0,124.0,49.0,44.0,59.0,13.0,22.0,21.0,18.0,3.0,33.0,36.0,60.0,22.0,37.0,23.0,224.0,45.0,17.0,7.0,251.0,35.0,326.0,134.0,158.0,50.0,18.0,15.0,6.0,25.0,1.0,0.0,0.0,0.0,0.0,0.0,0.0,0.0,0.0,0.0,0.0,0.0,0.0,0.0,0.0,0.0,0.0,0.0,0.0,0.0,0.0,0.0,0.0,0.0,0.0,0.0,0.0,0.0,0.0,0.0,0.0,0.0,0.0,0.0,0.0,0.0,0.0,0.0,0.0,0.0,0.0,0.0,0.0,0.0,0.0,0.0,0.0,0.0,0.0,0.0,0.0,0.0,0.0,0.0,0.0,0.0,0.0,0.0,0.0,0.0,0.0,0.0,0.0,0.0,0.0,0.0,0.0,0.0,0.0,0.0,0.0,0.0,0.0,0.0,0.0,0.0,0.0,0.0,0.0,0.0,0.0,0.0,0.0,0.0,0.0,0.0,0.0,0.0,0.0,0.0,0.0,0.0,0.0,0.0,0.0,0.0,0.0
2016-06-13,180.0,4.0,14.0,70.0,316.0,213.0,1226.0,2.0,2.0,349.0,169.0,44.0,31.0,40.0,148.0,1.0,22.0,91.0,85.0,39.0,53.0,38.0,29.0,16.0,7.0,8.0,20.0,26.0,30.0,45.0,21.0,19.0,16.0,125.0,38.0,8.0,7.0,140.0,74.0,224.0,60.0,153.0,40.0,8.0,10.0,21.0,3.0,4.0,0.0,0.0,0.0,0.0,0.0,0.0,0.0,0.0,0.0,0.0,0.0,0.0,0.0,0.0,0.0,0.0,0.0,0.0,0.0,0.0,0.0,0.0,0.0,0.0,0.0,0.0,0.0,0.0,0.0,0.0,0.0,0.0,0.0,0.0,0.0,0.0,0.0,0.0,0.0,0.0,0.0,0.0,0.0,0.0,0.0,0.0,0.0,0.0,0.0,0.0,0.0,0.0,0.0,0.0,0.0,0.0,0.0,0.0,0.0,0.0,0.0,0.0,0.0,0.0,0.0,0.0,0.0,0.0,0.0,0.0,0.0,0.0,0.0,0.0,0.0,0.0,0.0,0.0,0.0,0.0,0.0,0.0,0.0,0.0,0.0,0.0,0.0,0.0,0.0,0.0,0.0,0.0,0.0,0.0,0.0,0.0
2016-06-20,216.0,5.5,12.0,89.0,200.0,313.0,1302.0,1.0,13.0,400.0,200.0,40.0,32.0,62.0,165.0,1.0,30.0,111.0,90.0,121.0,62.0,54.0,20.0,20.0,13.0,1.0,15.0,33.0,29.0,33.0,18.0,30.0,15.0,225.0,37.0,54.0,2.0,208.0,53.0,397.0,78.0,185.0,63.0,19.0,7.0,5.0,11.0,1.0,0.0,0.0,0.0,0.0,0.0,0.0,0.0,0.0,0.0,0.0,0.0,0.0,0.0,0.0,0.0,0.0,0.0,0.0,0.0,0.0,0.0,0.0,0.0,0.0,0.0,0.0,0.0,0.0,0.0,0.0,0.0,0.0,0.0,0.0,0.0,0.0,0.0,0.0,0.0,0.0,0.0,0.0,0.0,0.0,0.0,0.0,0.0,0.0,0.0,0.0,0.0,0.0,0.0,0.0,0.0,0.0,0.0,0.0,0.0,0.0,0.0,0.0,0.0,0.0,0.0,0.0,0.0,0.0,0.0,0.0,0.0,0.0,0.0,0.0,0.0,0.0,0.0,0.0,0.0,0.0,0.0,0.0,0.0,0.0,0.0,0.0,0.0,0.0,0.0,0.0,0.0,0.0,0.0,0.0,0.0,0.0
2016-06-27,265.0,7.0,10.0,81.0,246.0,274.0,1616.0,3.0,15.0,462.0,198.0,45.0,43.0,87.0,220.0,14.0,45.0,137.0,118.0,62.0,94.0,58.0,25.0,28.0,33.0,4.0,19.0,20.0,18.0,48.0,45.0,40.0,24.0,167.0,59.0,11.0,14.0,245.0,66.0,321.0,91.0,146.0,60.0,17.0,14.0,5.0,33.0,3.0,0.0,25.0,25.0,25.0,25.0,25.0,25.0,0.0,0.0,0.0,0.0,25.0,25.0,25.0,25.0,0.0,0.0,0.0,0.0,0.0,0.0,0.0,0.0,0.0,0.0,0.0,0.0,0.0,0.0,0.0,0.0,0.0,0.0,0.0,0.0,0.0,0.0,0.0,0.0,0.0,0.0,0.0,0.0,0.0,0.0,0.0,0.0,0.0,0.0,7.0,7.0,7.0,7.0,7.0,7.0,0.0,0.0,0.0,0.0,7.0,7.0,7.0,7.0,0.0,0.0,0.0,0.0,0.0,0.0,0.0,0.0,0.0,0.0,0.0,0.0,0.0,0.0,0.0,0.0,0.0,0.0,0.0,0.0,0.0,0.0,0.0,0.0,0.0,0.0,0.0,0.0,0.0,0.0,0.0,0.0,0.0
2016-07-04,254.0,6.0,11.0,54.0,261.0,350.0,1205.0,18.0,14.0,386.0,195.0,31.0,46.0,61.0,153.0,9.0,27.0,102.0,62.0,83.0,61.0,75.0,2.0,18.0,31.0,10.0,23.0,5.0,8.0,47.0,18.0,16.0,50.0,143.0,52.0,17.0,6.0,202.0,42.0,276.0,102.0,158.0,21.0,18.0,19.0,11.0,13.0,1.0,0.0,0.0,0.0,0.0,0.0,0.0,0.0,0.0,0.0,0.0,0.0,0.0,0.0,0.0,0.0,0.0,0.0,0.0,0.0,0.0,0.0,0.0,0.0,0.0,0.0,0.0,0.0,0.0,0.0,0.0,0.0,0.0,0.0,0.0,0.0,0.0,0.0,0.0,0.0,0.0,0.0,0.0,0.0,0.0,0.0,0.0,0.0,0.0,0.0,0.0,0.0,0.0,0.0,0.0,0.0,0.0,0.0,0.0,0.0,0.0,0.0,0.0,0.0,0.0,0.0,0.0,0.0,0.0,0.0,0.0,0.0,0.0,0.0,0.0,0.0,0.0,0.0,0.0,0.0,0.0,0.0,0.0,0.0,0.0,0.0,0.0,0.0,0.0,0.0,0.0,0.0,0.0,0.0,0.0,0.0,0.0
2016-07-11,215.0,13.0,9.0,104.0,264.0,287.0,1425.0,6.0,23.0,425.0,175.0,34.0,33.0,61.0,199.0,9.0,25.0,121.0,96.0,71.0,73.0,39.0,27.0,18.0,22.0,26.0,5.0,11.0,20.0,37.0,14.0,16.0,13.0,110.0,92.0,12.0,22.0,142.0,30.0,307.0,109.0,98.0,39.0,9.0,9.0,1.0,10.0,7.0,0.0,0.0,0.0,0.0,0.0,0.0,0.0,0.0,0.0,0.0,0.0,0.0,0.0,0.0,0.0,0.0,0.0,0.0,0.0,0.0,0.0,0.0,0.0,0.0,0.0,0.0,0.0,0.0,0.0,0.0,0.0,0.0,0.0,0.0,0.0,0.0,0.0,0.0,0.0,0.0,0.0,0.0,0.0,0.0,0.0,0.0,0.0,0.0,0.0,0.0,0.0,0.0,0.0,0.0,0.0,0.0,0.0,0.0,0.0,0.0,0.0,0.0,0.0,0.0,0.0,0.0,0.0,0.0,0.0,0.0,0.0,0.0,0.0,0.0,0.0,0.0,0.0,0.0,0.0,0.0,0.0,0.0,0.0,0.0,0.0,0.0,0.0,0.0,0.0,0.0,0.0,0.0,0.0,0.0,0.0,0.0
2016-07-18,195.0,9.0,12.0,102.0,172.0,297.0,1424.0,2.0,9.0,290.0,171.0,32.0,36.0,47.0,168.0,5.0,19.0,121.0,49.0,49.0,44.0,50.0,15.0,23.0,9.0,1.0,11.0,25.0,11.0,31.0,25.0,28.0,15.0,191.0,32.0,7.0,6.0,150.0,32.0,288.0,45.0,100.0,74.0,3.0,4.0,4.0,17.0,7.0,0.0,0.0,0.0,0.0,0.0,0.0,0.0,0.0,0.0,0.0,0.0,0.0,0.0,0.0,0.0,0.0,0.0,0.0,0.0,0.0,0.0,0.0,0.0,0.0,0.0,0.0,0.0,0.0,0.0,0.0,0.0,0.0,0.0,0.0,0.0,0.0,0.0,0.0,0.0,0.0,0.0,0.0,0.0,0.0,0.0,0.0,0.0,0.0,0.0,0.0,0.0,0.0,0.0,0.0,0.0,0.0,0.0,0.0,0.0,0.0,0.0,0.0,0.0,0.0,0.0,0.0,0.0,0.0,0.0,0.0,0.0,0.0,0.0,0.0,0.0,0.0,0.0,0.0,0.0,0.0,0.0,0.0,0.0,0.0,0.0,0.0,0.0,0.0,0.0,0.0,0.0,0.0,0.0,0.0,0.0,0.0
2016-07-25,250.0,14.0,5.0,134.0,265.0,286.0,1477.0,3.0,10.0,436.0,185.0,42.0,42.0,46.0,171.0,5.0,22.0,80.0,65.0,86.0,72.0,64.0,25.0,27.0,1.0,5.0,9.0,17.0,23.0,47.0,16.0,19.0,28.0,144.0,51.0,20.0,6.0,215.0,25.0,351.0,124.0,145.0,41.0,13.0,13.0,3.0,7.0,3.0,0.0,25.0,25.0,25.0,25.0,25.0,25.0,0.0,0.0,0.0,0.0,25.0,25.0,25.0,25.0,0.0,0.0,0.0,0.0,0.0,0.0,0.0,0.0,0.0,0.0,0.0,0.0,0.0,0.0,0.0,0.0,0.0,0.0,0.0,0.0,0.0,0.0,0.0,0.0,0.0,0.0,0.0,0.0,0.0,0.0,0.0,0.0,0.0,0.0,7.0,7.0,7.0,7.0,7.0,7.0,0.0,0.0,0.0,0.0,7.0,7.0,7.0,7.0,0.0,0.0,0.0,0.0,0.0,0.0,0.0,0.0,0.0,0.0,0.0,0.0,0.0,0.0,0.0,0.0,0.0,0.0,0.0,0.0,0.0,0.0,0.0,0.0,0.0,0.0,0.0,0.0,0.0,0.0,0.0,0.0,0.0
2016-08-01,250.0,10.0,1.0,116.0,229.0,291.0,1636.0,5.0,3.0,532.0,232.0,33.0,30.0,36.0,206.0,1.0,18.0,122.0,132.0,89.0,81.0,61.0,19.0,20.0,3.5,23.0,16.0,51.0,25.0,47.0,10.0,37.0,27.0,159.0,43.0,25.0,6.0,251.0,74.0,289.0,86.0,200.0,51.0,22.0,17.0,14.0,16.0,12.0,0.0,0.0,0.0,0.0,0.0,0.0,0.0,0.0,0.0,0.0,0.0,0.0,0.0,0.0,0.0,0.0,0.0,0.0,0.0,0.0,0.0,0.0,0.0,0.0,0.0,0.0,0.0,0.0,0.0,0.0,0.0,0.0,0.0,0.0,0.0,0.0,0.0,0.0,0.0,0.0,0.0,0.0,0.0,0.0,0.0,0.0,0.0,0.0,0.0,0.0,0.0,0.0,0.0,0.0,0.0,0.0,0.0,0.0,0.0,0.0,0.0,0.0,0.0,0.0,0.0,0.0,0.0,0.0,0.0,0.0,0.0,0.0,0.0,0.0,0.0,0.0,0.0,0.0,0.0,0.0,0.0,0.0,0.0,0.0,0.0,0.0,0.0,0.0,0.0,0.0,0.0,0.0,0.0,0.0,0.0,0.0
2016-08-08,281.0,25.0,28.0,122.0,316.0,317.0,1667.0,13.0,27.0,475.0,215.0,42.0,42.0,63.0,226.0,1.5,36.0,147.0,87.0,84.0,77.0,37.0,51.0,21.0,6.0,18.5,8.0,12.0,31.0,56.0,28.0,35.0,19.0,198.0,82.0,8.0,13.0,236.0,79.0,229.0,89.0,128.0,65.0,18.0,4.0,23.0,14.0,14.0,0.0,0.0,0.0,0.0,0.0,0.0,0.0,0.0,0.0,0.0,0.0,0.0,0.0,0.0,0.0,0.0,0.0,0.0,0.0,0.0,0.0,0.0,0.0,0.0,0.0,0.0,0.0,0.0,0.0,0.0,0.0,0.0,0.0,0.0,0.0,0.0,0.0,0.0,0.0,0.0,0.0,0.0,0.0,0.0,0.0,0.0,0.0,0.0,0.0,0.0,0.0,0.0,0.0,0.0,0.0,0.0,0.0,0.0,0.0,0.0,0.0,0.0,0.0,0.0,0.0,0.0,0.0,0.0,0.0,0.0,0.0,0.0,0.0,0.0,0.0,0.0,0.0,0.0,0.0,0.0,0.0,0.0,0.0,0.0,0.0,0.0,0.0,0.0,0.0,0.0,0.0,0.0,0.0,0.0,0.0,0.0
2016-08-15,217.0,7.0,13.0,179.0,302.0,479.0,1371.0,3.0,18.0,471.0,176.0,50.0,43.0,71.0,186.0,2.0,29.0,122.0,119.0,99.0,73.0,52.0,16.0,13.0,7.0,14.0,15.0,10.0,10.0,35.0,21.0,18.0,30.0,166.0,81.0,29.0,7.0,206.0,61.0,269.0,141.0,140.0,40.0,7.0,9.0,9.0,6.0,7.0,0.0,0.0,0.0,0.0,0.0,0.0,0.0,0.0,0.0,0.0,0.0,0.0,0.0,0.0,0.0,0.0,0.0,0.0,0.0,0.0,0.0,0.0,0.0,0.0,0.0,0.0,0.0,0.0,0.0,0.0,0.0,0.0,0.0,0.0,0.0,0.0,0.0,0.0,0.0,0.0,0.0,0.0,0.0,0.0,0.0,0.0,0.0,0.0,0.0,0.0,0.0,0.0,0.0,0.0,0.0,0.0,0.0,0.0,0.0,0.0,0.0,0.0,0.0,0.0,0.0,0.0,0.0,0.0,0.0,0.0,0.0,0.0,0.0,0.0,0.0,0.0,0.0,0.0,0.0,0.0,0.0,0.0,0.0,0.0,0.0,0.0,0.0,0.0,0.0,0.0,0.0,0.0,0.0,0.0,0.0,0.0
2016-08-22,189.0,7.0,14.0,129.0,369.0,272.0,1295.0,3.0,22.5,355.0,164.0,53.0,39.0,49.0,156.0,5.0,9.0,68.0,106.0,54.0,65.0,24.0,10.0,18.0,19.0,6.0,17.0,8.0,38.0,42.0,31.0,37.0,5.0,134.0,21.0,1.0,3.0,155.0,61.0,264.0,70.0,151.0,65.0,12.0,9.0,7.0,1.0,0.0,0.0,0.0,0.0,0.0,0.0,0.0,0.0,0.0,0.0,0.0,0.0,0.0,0.0,0.0,0.0,0.0,0.0,0.0,0.0,0.0,0.0,0.0,0.0,0.0,0.0,0.0,0.0,0.0,0.0,0.0,0.0,0.0,0.0,0.0,0.0,0.0,0.0,0.0,0.0,0.0,0.0,0.0,0.0,0.0,0.0,0.0,0.0,0.0,0.0,0.0,0.0,0.0,0.0,0.0,0.0,0.0,0.0,0.0,0.0,0.0,0.0,0.0,0.0,0.0,0.0,0.0,0.0,0.0,0.0,0.0,0.0,0.0,0.0,0.0,0.0,0.0,0.0,0.0,0.0,0.0,0.0,0.0,0.0,0.0,0.0,0.0,0.0,0.0,0.0,0.0,0.0,0.0,0.0,0.0,0.0,0.0
2016-08-29,186.0,18.0,16.0,201.0,228.0,252.0,1297.0,5.0,27.0,389.0,176.0,29.0,26.0,47.0,181.0,5.333333333333333,15.0,111.0,90.0,83.0,30.0,47.0,7.0,26.0,8.0,13.0,5.0,8.0,21.0,12.0,14.0,27.0,12.0,199.0,59.0,17.0,7.5,161.0,63.0,245.0,88.0,72.0,38.0,9.0,15.0,1.0,17.0,6.0,0.0,25.0,25.0,25.0,25.0,25.0,25.0,0.0,0.0,0.0,0.0,25.0,25.0,25.0,25.0,0.0,0.0,0.0,0.0,0.0,0.0,0.0,0.0,0.0,0.0,0.0,0.0,0.0,0.0,0.0,0.0,0.0,0.0,0.0,0.0,0.0,0.0,0.0,0.0,0.0,0.0,0.0,0.0,0.0,0.0,0.0,0.0,0.0,0.0,7.0,7.0,7.0,7.0,7.0,7.0,0.0,0.0,0.0,0.0,7.0,7.0,7.0,7.0,0.0,0.0,0.0,0.0,0.0,0.0,0.0,0.0,0.0,0.0,0.0,0.0,0.0,0.0,0.0,0.0,0.0,0.0,0.0,0.0,0.0,0.0,0.0,0.0,0.0,0.0,0.0,0.0,0.0,0.0,0.0,0.0,0.0
2016-09-05,226.0,17.0,7.0,115.0,247.0,200.0,1225.0,6.0,1.0,362.0,130.0,43.0,17.0,46.0,151.0,5.666666666666667,26.0,88.0,93.0,88.0,54.0,52.0,9.0,15.0,22.0,4.0,3.0,24.0,10.0,18.0,23.0,28.0,26.0,152.0,30.0,6.0,12.0,157.0,35.0,290.0,28.0,106.0,28.0,13.0,17.0,0.0,13.0,9.0,0.0,0.0,0.0,0.0,0.0,0.0,0.0,0.0,0.0,0.0,0.0,0.0,0.0,0.0,0.0,0.0,0.0,0.0,0.0,0.0,0.0,0.0,0.0,0.0,0.0,0.0,0.0,0.0,0.0,0.0,0.0,0.0,0.0,0.0,0.0,0.0,0.0,0.0,0.0,0.0,0.0,0.0,0.0,0.0,0.0,0.0,0.0,0.0,0.0,0.0,0.0,0.0,0.0,0.0,0.0,0.0,0.0,0.0,0.0,0.0,0.0,0.0,0.0,0.0,0.0,0.0,0.0,0.0,0.0,0.0,0.0,0.0,0.0,0.0,0.0,0.0,0.0,0.0,0.0,0.0,0.0,0.0,0.0,0.0,0.0,0.0,0.0,0.0,0.0,0.0,0.0,0.0,0.0,0.0,0.0,0.0
2016-09-12,163.0,11.0,3.0,151.0,253.0,233.0,1225.0,5.0,9.0,325.0,151.0,33.0,24.0,40.0,138.0,6.0,32.0,107.0,86.0,54.0,48.0,15.0,13.0,16.0,16.0,2.0,1.0,7.0,6.0,21.0,6.0,28.0,21.0,129.0,31.0,9.0,1.0,148.0,63.0,166.0,66.0,82.0,64.0,5.0,2.0,2.0,4.0,4.0,0.0,0.0,0.0,0.0,0.0,0.0,0.0,0.0,0.0,0.0,0.0,0.0,0.0,0.0,0.0,0.0,0.0,0.0,0.0,0.0,0.0,0.0,0.0,0.0,0.0,0.0,0.0,0.0,0.0,0.0,0.0,0.0,0.0,0.0,0.0,0.0,0.0,0.0,0.0,0.0,0.0,0.0,0.0,0.0,0.0,0.0,0.0,0.0,0.0,0.0,0.0,0.0,0.0,0.0,0.0,0.0,0.0,0.0,0.0,0.0,0.0,0.0,0.0,0.0,0.0,0.0,0.0,0.0,0.0,0.0,0.0,0.0,0.0,0.0,0.0,0.0,0.0,0.0,0.0,0.0,0.0,0.0,0.0,0.0,0.0,0.0,0.0,0.0,0.0,0.0,0.0,0.0,0.0,0.0,0.0,0.0
2016-09-19,163.0,22.0,18.0,124.0,228.0,286.0,1247.0,4.0,5.0,348.0,156.0,41.0,37.0,21.0,130.0,3.0,19.0,117.0,72.0,46.0,61.0,56.0,9.0,20.0,10.0,6.0,5.0,15.0,17.0,13.0,6.0,20.0,24.0,134.0,33.0,10.0,7.0,165.0,38.0,251.0,47.0,106.0,29.0,17.0,18.0,12.0,18.0,14.0,0.0,0.0,0.0,0.0,0.0,0.0,0.0,0.0,0.0,0.0,0.0,0.0,0.0,0.0,0.0,0.0,0.0,0.0,0.0,0.0,0.0,0.0,0.0,0.0,0.0,0.0,0.0,0.0,0.0,0.0,0.0,0.0,0.0,0.0,0.0,0.0,0.0,0.0,0.0,0.0,0.0,0.0,0.0,0.0,0.0,0.0,0.0,0.0,0.0,0.0,0.0,0.0,0.0,0.0,0.0,0.0,0.0,0.0,0.0,0.0,0.0,0.0,0.0,0.0,0.0,0.0,0.0,0.0,0.0,0.0,0.0,0.0,0.0,0.0,0.0,0.0,0.0,0.0,0.0,0.0,0.0,0.0,0.0,0.0,0.0,0.0,0.0,0.0,0.0,0.0,0.0,0.0,0.0,0.0,0.0,0.0
2016-09-26,164.0,7.0,17.0,148.0,250.0,166.0,1019.0,3.0,20.0,374.0,133.0,29.0,29.0,34.0,105.0,7.5,16.0,70.0,90.0,66.0,29.0,30.0,28.0,27.0,12.0,3.0,4.0,13.0,11.0,33.0,8.0,25.0,32.0,145.0,54.0,3.0,10.0,90.0,50.0,211.0,38.0,114.0,36.0,11.0,12.0,4.0,6.0,6.0,0.0,0.0,0.0,0.0,0.0,0.0,0.0,0.0,0.0,0.0,0.0,0.0,0.0,0.0,0.0,0.0,0.0,0.0,0.0,0.0,0.0,0.0,0.0,0.0,0.0,0.0,0.0,0.0,0.0,0.0,0.0,0.0,0.0,0.0,0.0,0.0,0.0,0.0,0.0,0.0,0.0,0.0,0.0,0.0,0.0,0.0,0.0,0.0,0.0,0.0,0.0,0.0,0.0,0.0,0.0,0.0,0.0,0.0,0.0,0.0,0.0,0.0,0.0,0.0,0.0,0.0,0.0,0.0,0.0,0.0,0.0,0.0,0.0,0.0,0.0,0.0,0.0,0.0,0.0,0.0,0.0,0.0,0.0,0.0,0.0,0.0,0.0,0.0,0.0,0.0,0.0,0.0,0.0,0.0,0.0,0.0
2016-10-03,156.0,2.0,13.0,143.0,264.0,219.0,1079.0,1.0,11.0,326.0,185.0,26.0,16.0,34.0,138.0,12.0,23.0,72.0,68.0,77.0,48.0,32.0,16.0,35.0,2.0,28.0,18.0,22.0,14.0,25.0,12.0,30.0,19.0,158.0,43.0,5.0,14.0,204.0,60.0,213.0,38.0,154.0,27.0,5.0,25.0,3.0,10.0,15.0,0.0,0.0,0.0,0.0,0.0,0.0,0.0,0.0,0.0,0.0,0.0,0.0,0.0,0.0,0.0,0.0,0.0,0.0,0.0,0.0,0.0,0.0,0.0,0.0,0.0,0.0,0.0,0.0,0.0,0.0,0.0,0.0,0.0,0.0,0.0,0.0,0.0,0.0,0.0,0.0,0.0,0.0,0.0,0.0,0.0,0.0,0.0,0.0,0.0,0.0,0.0,0.0,0.0,0.0,0.0,0.0,0.0,0.0,0.0,0.0,0.0,0.0,0.0,0.0,0.0,0.0,0.0,0.0,0.0,0.0,0.0,0.0,0.0,0.0,0.0,0.0,0.0,0.0,0.0,0.0,0.0,0.0,0.0,0.0,0.0,0.0,0.0,0.0,0.0,0.0,0.0,0.0,0.0,0.0,0.0,0.0
2016-10-10,155.0,7.0,9.0,137.0,156.0,269.0,915.0,2.0,9.0,332.0,134.0,15.0,25.0,64.0,120.0,6.0,6.0,102.0,41.0,25.0,32.0,29.0,25.0,24.0,16.0,11.0,2.0,19.0,12.0,28.0,10.0,24.0,20.0,111.0,15.0,1.0,12.0,135.0,24.0,217.0,51.0,85.0,29.0,11.0,5.0,7.0,5.0,9.0,0.0,25.0,25.0,25.0,25.0,25.0,25.0,0.0,0.0,0.0,0.0,25.0,25.0,25.0,25.0,0.0,0.0,0.0,0.0,0.0,0.0,0.0,0.0,0.0,0.0,0.0,0.0,0.0,0.0,0.0,0.0,0.0,0.0,0.0,0.0,0.0,0.0,0.0,0.0,0.0,0.0,0.0,0.0,0.0,0.0,0.0,0.0,0.0,0.0,7.0,7.0,7.0,7.0,7.0,7.0,0.0,0.0,0.0,0.0,7.0,7.0,7.0,7.0,0.0,0.0,0.0,0.0,0.0,0.0,0.0,0.0,0.0,0.0,0.0,0.0,0.0,0.0,0.0,0.0,0.0,0.0,0.0,0.0,0.0,0.0,0.0,0.0,0.0,0.0,0.0,0.0,0.0,0.0,0.0,0.0,0.0
2016-10-17,153.0,12.0,5.0,132.0,207.0,181.0,975.0,1.0,37.0,281.0,146.0,24.0,32.0,31.0,127.0,8.0,23.0,109.0,42.0,25.0,68.0,40.0,33.0,17.0,17.0,17.0,6.0,10.0,21.0,23.0,9.0,24.0,38.0,101.0,11.0,20.0,18.0,126.0,25.0,231.0,70.0,131.0,35.0,3.0,11.0,3.0,4.0,8.0,0.0,0.0,0.0,0.0,0.0,0.0,0.0,0.0,0.0,0.0,0.0,0.0,0.0,0.0,0.0,0.0,0.0,0.0,0.0,0.0,0.0,0.0,0.0,0.0,0.0,0.0,0.0,0.0,0.0,0.0,0.0,0.0,0.0,0.0,0.0,0.0,0.0,0.0,0.0,0.0,0.0,0.0,0.0,0.0,0.0,0.0,0.0,0.0,0.0,0.0,0.0,0.0,0.0,0.0,0.0,0.0,0.0,0.0,0.0,0.0,0.0,0.0,0.0,0.0,0.0,0.0,0.0,0.0,0.0,0.0,0.0,0.0,0.0,0.0,0.0,0.0,0.0,0.0,0.0,0.0,0.0,0.0,0.0,0.0,0.0,0.0,0.0,0.0,0.0,0.0,0.0,0.0,0.0,0.0,0.0,0.0
2016-10-24,141.0,14.0,18.0,114.0,141.0,185.0,964.0,5.0,7.0,269.0,91.0,32.0,31.0,51.0,137.0,7.0,25.0,61.0,60.0,17.0,22.0,21.0,20.0,31.0,7.0,5.0,15.0,4.0,12.0,18.0,1.0,37.0,9.0,67.0,21.0,16.0,1.0,122.0,21.0,183.0,28.0,69.0,30.0,8.0,8.0,9.0,4.0,5.0,0.0,0.0,0.0,0.0,0.0,0.0,0.0,0.0,0.0,0.0,0.0,0.0,0.0,0.0,0.0,0.0,0.0,0.0,0.0,0.0,0.0,0.0,0.0,0.0,0.0,0.0,0.0,0.0,0.0,0.0,0.0,0.0,0.0,0.0,0.0,0.0,0.0,0.0,0.0,0.0,0.0,0.0,0.0,0.0,0.0,0.0,0.0,0.0,0.0,0.0,0.0,0.0,0.0,0.0,0.0,0.0,0.0,0.0,0.0,0.0,0.0,0.0,0.0,0.0,0.0,0.0,0.0,0.0,0.0,0.0,0.0,0.0,0.0,0.0,0.0,0.0,0.0,0.0,0.0,0.0,0.0,0.0,0.0,0.0,0.0,0.0,0.0,0.0,0.0,0.0,0.0,0.0,0.0,0.0,0.0,0.0
2016-10-31,113.0,3.0,0.0,85.0,112.0,159.0,779.0,5.0,9.0,236.0,105.0,15.0,16.0,70.0,91.0,4.5,3.0,69.0,51.0,39.0,33.0,26.0,16.0,14.0,1.0,6.0,9.0,5.0,13.0,19.0,4.0,9.0,11.0,109.0,29.0,1.0,1.0,70.0,48.0,167.0,47.0,99.0,38.0,9.0,11.0,8.0,4.0,14.0,0.0,0.0,0.0,0.0,0.0,0.0,0.0,0.0,0.0,0.0,0.0,0.0,0.0,0.0,0.0,0.0,0.0,0.0,0.0,0.0,0.0,0.0,0.0,0.0,0.0,0.0,0.0,0.0,0.0,0.0,0.0,0.0,0.0,0.0,0.0,0.0,0.0,0.0,0.0,0.0,0.0,0.0,0.0,0.0,0.0,0.0,0.0,0.0,0.0,0.0,0.0,0.0,0.0,0.0,0.0,0.0,0.0,0.0,0.0,0.0,0.0,0.0,0.0,0.0,0.0,0.0,0.0,0.0,0.0,0.0,0.0,0.0,0.0,0.0,0.0,0.0,0.0,0.0,0.0,0.0,0.0,0.0,0.0,0.0,0.0,0.0,0.0,0.0,0.0,0.0,0.0,0.0,0.0,0.0,0.0,0.0
2016-11-07,81.0,2.0,9.0,52.0,98.0,138.0,494.0,5.0,3.0,140.0,67.0,9.0,19.0,27.0,78.0,2.0,4.0,41.0,30.0,36.0,31.0,12.0,8.0,9.0,6.0,6.0,3.0,6.0,5.0,17.0,7.0,13.0,21.0,99.0,32.0,3.0,0.0,71.0,27.0,158.0,56.0,71.0,8.0,9.0,5.0,7.0,3.0,14.0,0.0,0.0,0.0,0.0,0.0,0.0,0.0,0.0,0.0,0.0,0.0,0.0,0.0,0.0,0.0,0.0,0.0,0.0,0.0,0.0,0.0,0.0,0.0,0.0,0.0,0.0,0.0,0.0,0.0,0.0,0.0,0.0,0.0,0.0,0.0,0.0,0.0,0.0,0.0,0.0,0.0,0.0,0.0,0.0,0.0,0.0,0.0,0.0,0.0,0.0,0.0,0.0,0.0,0.0,0.0,0.0,0.0,0.0,0.0,0.0,0.0,0.0,0.0,0.0,0.0,0.0,0.0,0.0,0.0,0.0,0.0,0.0,0.0,0.0,0.0,0.0,0.0,0.0,0.0,0.0,0.0,0.0,0.0,0.0,0.0,0.0,0.0,0.0,0.0,0.0,0.0,0.0,0.0,0.0,0.0,0.0
2016-11-14,104.0,9.0,7.0,23.0,68.0,88.0,564.0,5.0,8.0,184.0,100.0,10.0,16.0,10.0,55.0,4.4,15.0,65.0,62.0,43.0,49.0,17.0,3.0,15.0,4.0,5.0,10.0,2.0,14.0,17.0,4.0,34.0,19.0,98.0,16.0,11.0,9.0,108.0,15.0,178.0,36.0,89.0,14.0,6.0,4.0,6.0,5.0,8.0,0.0,0.0,0.0,0.0,0.0,0.0,0.0,0.0,0.0,0.0,0.0,0.0,0.0,0.0,0.0,0.0,0.0,0.0,0.0,0.0,0.0,0.0,0.0,0.0,0.0,0.0,0.0,0.0,0.0,0.0,0.0,0.0,0.0,0.0,0.0,0.0,0.0,0.0,0.0,0.0,0.0,0.0,0.0,0.0,0.0,0.0,0.0,0.0,0.0,0.0,0.0,0.0,0.0,0.0,0.0,0.0,0.0,0.0,0.0,0.0,0.0,0.0,0.0,0.0,0.0,0.0,0.0,0.0,0.0,0.0,0.0,0.0,0.0,0.0,0.0,0.0,0.0,0.0,0.0,0.0,0.0,0.0,0.0,0.0,0.0,0.0,0.0,0.0,0.0,0.0,0.0,0.0,0.0,0.0,0.0,0.0
2016-11-21,134.0,3.0,13.0,156.0,163.0,142.0,969.0,6.0,15.0,258.0,149.0,28.0,19.0,26.0,124.0,6.8,25.0,72.0,60.0,38.0,39.0,34.0,10.0,26.0,3.0,3.0,9.0,20.0,11.0,36.0,22.0,38.0,34.0,151.0,26.0,18.0,9.0,140.0,14.0,223.0,53.0,110.0,18.0,16.0,11.0,3.0,4.0,9.0,0.0,0.0,0.0,0.0,0.0,0.0,0.0,0.0,0.0,0.0,0.0,0.0,0.0,0.0,0.0,0.0,0.0,0.0,0.0,0.0,0.0,0.0,0.0,0.0,0.0,0.0,0.0,0.0,0.0,0.0,0.0,0.0,0.0,0.0,0.0,0.0,0.0,0.0,0.0,0.0,0.0,0.0,0.0,0.0,0.0,0.0,0.0,0.0,0.0,0.0,0.0,0.0,0.0,0.0,0.0,0.0,0.0,0.0,0.0,0.0,0.0,0.0,0.0,0.0,0.0,0.0,0.0,0.0,0.0,0.0,0.0,0.0,0.0,0.0,0.0,0.0,0.0,0.0,0.0,0.0,0.0,0.0,0.0,0.0,0.0,0.0,0.0,0.0,0.0,0.0,0.0,0.0,0.0,0.0,0.0,0.0
2016-11-28,84.0,6.0,9.0,35.0,54.0,126.0,371.0,7.0,1.0,137.0,54.0,11.0,10.0,16.0,44.0,9.2,14.0,37.0,39.0,6.0,27.0,31.0,6.0,12.0,1.0,16.0,3.0,7.0,4.0,26.0,4.0,27.0,19.0,58.0,6.0,8.0,2.0,54.0,7.5,55.0,10.0,73.0,17.0,4.0,2.0,6.0,3.0,14.0,0.0,0.0,0.0,0.0,0.0,0.0,0.0,0.0,0.0,0.0,0.0,0.0,0.0,0.0,0.0,0.0,0.0,0.0,0.0,0.0,0.0,0.0,0.0,0.0,0.0,0.0,0.0,0.0,0.0,0.0,0.0,0.0,0.0,0.0,0.0,0.0,0.0,0.0,0.0,0.0,0.0,0.0,0.0,0.0,0.0,0.0,0.0,0.0,0.0,0.0,0.0,0.0,0.0,0.0,0.0,0.0,0.0,0.0,0.0,0.0,0.0,0.0,0.0,0.0,0.0,0.0,0.0,0.0,0.0,0.0,0.0,0.0,0.0,0.0,0.0,0.0,0.0,0.0,0.0,0.0,0.0,0.0,0.0,0.0,0.0,0.0,0.0,0.0,0.0,0.0,0.0,0.0,0.0,0.0,0.0,0.0
2016-12-05,68.0,3.0,5.5,30.0,68.0,69.0,398.0,8.0,28.0,134.0,47.0,11.0,10.0,15.0,35.0,11.6,4.0,22.0,40.0,22.0,33.0,22.0,5.0,10.0,2.5,4.0,12.0,6.0,6.0,23.0,5.0,15.0,20.0,81.0,19.0,5.0,4.0,94.0,1.0,62.0,13.0,32.0,14.0,4.0,9.0,3.0,4.0,8.0,0.0,0.0,0.0,0.0,0.0,0.0,0.0,0.0,0.0,0.0,0.0,0.0,0.0,0.0,0.0,0.0,0.0,0.0,0.0,0.0,0.0,0.0,0.0,0.0,0.0,0.0,0.0,0.0,0.0,0.0,0.0,0.0,0.0,0.0,0.0,0.0,0.0,0.0,0.0,0.0,0.0,0.0,0.0,0.0,0.0,0.0,0.0,0.0,0.0,0.0,0.0,0.0,0.0,0.0,0.0,0.0,0.0,0.0,0.0,0.0,0.0,0.0,0.0,0.0,0.0,0.0,0.0,0.0,0.0,0.0,0.0,0.0,0.0,0.0,0.0,0.0,0.0,0.0,0.0,0.0,0.0,0.0,0.0,0.0,0.0,0.0,0.0,0.0,0.0,0.0,0.0,0.0,0.0,0.0,0.0,0.0
2016-12-12,87.0,5.0,2.0,53.0,98.0,61.0,355.0,6.6,16.0,132.0,44.0,12.0,8.0,23.0,44.0,14.0,3.0,42.0,28.0,12.0,27.0,20.0,6.0,16.0,4.0,8.0,1.0,5.0,3.0,15.0,5.5,41.0,55.0,54.0,3.0,12.0,14.0,62.0,10.0,75.0,25.0,46.0,16.0,3.0,3.0,2.6666666666666665,3.0,11.0,0.0,0.0,0.0,0.0,0.0,0.0,0.0,0.0,0.0,0.0,0.0,0.0,0.0,0.0,0.0,0.0,0.0,0.0,0.0,0.0,0.0,0.0,0.0,0.0,0.0,0.0,0.0,0.0,0.0,0.0,0.0,0.0,0.0,0.0,0.0,0.0,0.0,0.0,0.0,0.0,0.0,0.0,0.0,0.0,0.0,0.0,0.0,0.0,0.0,0.0,0.0,0.0,0.0,0.0,0.0,0.0,0.0,0.0,0.0,0.0,0.0,0.0,0.0,0.0,0.0,0.0,0.0,0.0,0.0,0.0,0.0,0.0,0.0,0.0,0.0,0.0,0.0,0.0,0.0,0.0,0.0,0.0,0.0,0.0,0.0,0.0,0.0,0.0,0.0,0.0,0.0,0.0,0.0,0.0,0.0,0.0
2016-12-19,31.0,11.0,2.5,33.0,4.0,55.0,362.0,5.2,1.0,93.0,41.0,4.0,4.0,8.0,43.0,2.0,4.0,24.0,21.0,15.0,17.0,3.0,4.5,5.0,4.0,8.0,12.0,3.666666666666667,5.0,13.0,6.0,20.0,28.0,27.0,15.0,9.0,9.0,56.0,5.0,46.0,7.0,51.0,3.0,2.0,4.0,2.3333333333333335,7.0,11.0,0.0,0.0,0.0,0.0,0.0,0.0,0.0,0.0,0.0,0.0,0.0,0.0,0.0,0.0,0.0,0.0,0.0,0.0,0.0,0.0,0.0,0.0,0.0,0.0,0.0,0.0,0.0,0.0,0.0,0.0,0.0,0.0,0.0,0.0,0.0,0.0,0.0,0.0,0.0,0.0,0.0,0.0,0.0,0.0,0.0,0.0,0.0,0.0,0.0,0.0,0.0,0.0,0.0,0.0,0.0,0.0,0.0,0.0,0.0,0.0,0.0,0.0,0.0,0.0,0.0,0.0,0.0,0.0,0.0,0.0,0.0,0.0,0.0,0.0,0.0,0.0,0.0,0.0,0.0,0.0,0.0,0.0,0.0,0.0,0.0,0.0,0.0,0.0,0.0,0.0,0.0,0.0,0.0,0.0,0.0,0.0
2016-12-26,72.0,4.0,3.0,73.0,52.0,111.0,501.0,3.8000000000000007,2.0,127.0,33.0,16.0,15.0,12.0,76.0,0.0,3.0,54.0,26.0,14.0,9.0,21.0,3.0,9.0,7.333333333333334,8.0,1.0,2.3333333333333335,12.0,8.0,1.0,52.0,27.0,44.0,12.0,31.0,25.0,19.0,4.0,104.0,22.0,47.0,11.0,6.0,8.0,2.0,5.0,6.0,0.0,0.0,0.0,0.0,0.0,0.0,0.0,0.0,0.0,0.0,0.0,0.0,0.0,0.0,0.0,0.0,0.0,0.0,0.0,0.0,0.0,0.0,0.0,0.0,0.0,0.0,0.0,0.0,0.0,0.0,0.0,0.0,0.0,0.0,0.0,0.0,0.0,0.0,0.0,0.0,0.0,0.0,0.0,0.0,0.0,0.0,0.0,0.0,0.0,0.0,0.0,0.0,0.0,0.0,0.0,0.0,0.0,0.0,0.0,0.0,0.0,0.0,0.0,0.0,0.0,0.0,0.0,0.0,0.0,0.0,0.0,0.0,0.0,0.0,0.0,0.0,0.0,0.0,0.0,0.0,0.0,0.0,0.0,0.0,0.0,0.0,0.0,0.0,0.0,0.0,0.0,0.0,0.0,0.0,0.0,0.0
2017-01-02,50.0,1.0,3.6666666666666665,22.0,57.0,30.0,344.0,2.4000000000000004,3.0,125.0,48.0,11.0,6.0,11.0,41.0,11.0,10.0,33.0,6.0,20.0,34.0,19.0,7.0,18.0,10.666666666666668,14.0,5.0,1.0,6.0,1.0,7.0,35.0,19.0,53.0,2.0,14.0,5.0,70.0,27.0,127.0,17.0,63.0,3.0,6.0,1.0,2.0,6.0,17.0,0.0,0.0,0.0,0.0,0.0,0.0,0.0,0.0,0.0,0.0,0.0,0.0,0.0,0.0,0.0,0.0,0.0,0.0,0.0,0.0,0.0,0.0,0.0,0.0,0.0,0.0,0.0,0.0,0.0,0.0,0.0,0.0,0.0,0.0,0.0,0.0,0.0,0.0,0.0,0.0,0.0,0.0,0.0,0.0,0.0,0.0,0.0,0.0,0.0,0.0,0.0,0.0,0.0,0.0,0.0,0.0,0.0,0.0,0.0,0.0,0.0,0.0,0.0,0.0,0.0,0.0,0.0,0.0,0.0,0.0,0.0,0.0,0.0,0.0,0.0,0.0,0.0,0.0,0.0,0.0,0.0,0.0,0.0,0.0,0.0,0.0,0.0,0.0,0.0,0.0,0.0,0.0,0.0,0.0,0.0,0.0
2017-01-09,41.0,3.0,4.333333333333333,51.0,30.0,37.0,265.0,1.0,2.0,80.0,40.0,4.0,6.0,7.0,35.0,8.333333333333334,4.0,26.0,11.0,35.0,39.0,3.0,8.0,7.0,14.0,3.0,2.0,4.0,5.0,14.0,4.0,34.0,33.0,67.0,5.0,18.0,9.0,57.0,24.0,103.0,12.0,42.0,11.0,2.0,5.0,4.0,7.0,10.0,0.0,0.0,0.0,0.0,0.0,0.0,0.0,0.0,0.0,0.0,0.0,0.0,0.0,0.0,0.0,0.0,0.0,0.0,0.0,0.0,0.0,0.0,0.0,0.0,0.0,0.0,0.0,0.0,0.0,0.0,0.0,0.0,0.0,0.0,0.0,0.0,0.0,0.0,0.0,0.0,0.0,0.0,0.0,0.0,0.0,0.0,0.0,0.0,0.0,0.0,0.0,0.0,0.0,0.0,0.0,0.0,0.0,0.0,0.0,0.0,0.0,0.0,0.0,0.0,0.0,0.0,0.0,0.0,0.0,0.0,0.0,0.0,0.0,0.0,0.0,0.0,0.0,0.0,0.0,0.0,0.0,0.0,0.0,0.0,0.0,0.0,0.0,0.0,0.0,0.0,0.0,0.0,0.0,0.0,0.0,0.0
2017-01-16,35.0,0.0,5.0,10.0,15.0,44.0,199.0,2.0,1.0,83.0,40.0,7.0,3.0,3.0,33.0,5.666666666666667,8.0,4.0,18.0,31.0,8.0,21.0,3.0,10.0,2.0,15.0,15.0,7.0,4.0,11.0,5.333333333333333,49.0,25.0,23.0,8.0,4.0,17.0,16.0,6.0,74.0,13.0,61.0,0.0,4.0,2.0,6.0,9.0,3.0,0.0,0.0,0.0,0.0,0.0,0.0,0.0,0.0,0.0,0.0,0.0,0.0,0.0,0.0,0.0,0.0,0.0,0.0,0.0,0.0,0.0,0.0,0.0,0.0,0.0,0.0,0.0,0.0,0.0,0.0,0.0,0.0,0.0,0.0,0.0,0.0,0.0,0.0,0.0,0.0,0.0,0.0,0.0,0.0,0.0,0.0,0.0,0.0,0.0,0.0,0.0,0.0,0.0,0.0,0.0,0.0,0.0,0.0,0.0,0.0,0.0,0.0,0.0,0.0,0.0,0.0,0.0,0.0,0.0,0.0,0.0,0.0,0.0,0.0,0.0,0.0,0.0,0.0,0.0,0.0,0.0,0.0,0.0,0.0,0.0,0.0,0.0,0.0,0.0,0.0,0.0,0.0,0.0,0.0,0.0,0.0
2017-01-23,59.0,2.0,3.0,61.0,77.0,64.0,394.0,1.0,5.0,90.0,48.0,5.0,8.0,3.0,36.0,3.0,5.0,24.0,48.0,18.0,11.0,15.0,2.0,4.0,1.75,10.333333333333332,7.0,4.0,3.0,4.0,6.666666666666666,47.0,28.0,41.0,11.0,23.0,17.0,44.0,8.5,106.0,31.0,79.0,10.0,1.0,3.0,4.0,2.0,14.0,0.0,0.0,0.0,0.0,0.0,0.0,0.0,0.0,0.0,0.0,0.0,0.0,0.0,0.0,0.0,0.0,0.0,0.0,0.0,0.0,0.0,0.0,0.0,0.0,0.0,0.0,0.0,0.0,0.0,0.0,0.0,0.0,0.0,0.0,0.0,0.0,0.0,0.0,0.0,0.0,0.0,0.0,0.0,0.0,0.0,0.0,0.0,0.0,0.0,0.0,0.0,0.0,0.0,0.0,0.0,0.0,0.0,0.0,0.0,0.0,0.0,0.0,0.0,0.0,0.0,0.0,0.0,0.0,0.0,0.0,0.0,0.0,0.0,0.0,0.0,0.0,0.0,0.0,0.0,0.0,0.0,0.0,0.0,0.0,0.0,0.0,0.0,0.0,0.0,0.0,0.0,0.0,0.0,0.0,0.0,0.0
2017-01-30,42.0,3.0,8.0,29.0,62.0,68.0,350.0,2.0,0.0,101.0,54.0,12.0,14.0,4.0,28.0,3.6,3.0,22.0,11.0,18.0,29.0,18.0,3.0,2.0,1.5,5.666666666666666,4.0,4.0,11.0,8.0,8.0,42.0,57.0,38.0,14.0,27.0,7.0,57.0,11.0,117.0,32.0,34.0,3.0,4.0,10.0,4.666666666666667,3.0,15.0,0.0,0.0,0.0,0.0,0.0,0.0,0.0,0.0,0.0,0.0,0.0,0.0,0.0,0.0,0.0,0.0,0.0,0.0,0.0,0.0,0.0,0.0,0.0,0.0,0.0,0.0,0.0,0.0,0.0,0.0,0.0,0.0,0.0,0.0,0.0,0.0,0.0,0.0,0.0,0.0,0.0,0.0,0.0,0.0,0.0,0.0,0.0,0.0,0.0,0.0,0.0,0.0,0.0,0.0,0.0,0.0,0.0,0.0,0.0,0.0,0.0,0.0,0.0,0.0,0.0,0.0,0.0,0.0,0.0,0.0,0.0,0.0,0.0,0.0,0.0,0.0,0.0,0.0,0.0,0.0,0.0,0.0,0.0,0.0,0.0,0.0,0.0,0.0,0.0,0.0,0.0,0.0,0.0,0.0,0.0,0.0
2017-02-06,38.0,1.0,5.0,37.0,47.0,42.0,285.0,1.0,4.0,100.0,37.0,7.0,7.0,10.0,32.0,4.2,6.0,6.0,30.0,20.0,28.0,11.0,7.0,3.0,1.25,1.0,1.0,4.0,3.0,4.0,4.0,62.0,39.0,53.0,8.0,43.0,2.0,25.0,1.0,76.0,21.0,32.0,5.0,13.0,2.0,5.333333333333333,6.0,21.0,0.0,0.0,0.0,0.0,0.0,0.0,0.0,0.0,0.0,0.0,0.0,0.0,0.0,0.0,0.0,0.0,0.0,0.0,0.0,0.0,0.0,0.0,0.0,0.0,0.0,0.0,0.0,0.0,0.0,0.0,0.0,0.0,0.0,0.0,0.0,0.0,0.0,0.0,0.0,0.0,0.0,0.0,0.0,0.0,0.0,0.0,0.0,0.0,0.0,0.0,0.0,0.0,0.0,0.0,0.0,0.0,0.0,0.0,0.0,0.0,0.0,0.0,0.0,0.0,0.0,0.0,0.0,0.0,0.0,0.0,0.0,0.0,0.0,0.0,0.0,0.0,0.0,0.0,0.0,0.0,0.0,0.0,0.0,0.0,0.0,0.0,0.0,0.0,0.0,0.0,0.0,0.0,0.0,0.0,0.0,0.0
2017-02-13,58.0,2.0,5.0,28.0,79.0,67.0,453.0,2.333333333333333,8.0,106.0,56.0,8.0,10.0,14.0,45.0,4.8,11.0,25.0,46.0,17.0,23.0,4.0,1.0,2.0,1.0,5.5,7.0,15.0,2.0,2.0,6.0,47.0,63.0,38.0,24.0,27.0,8.0,37.0,13.0,145.0,21.0,51.0,41.0,4.0,7.0,6.0,9.0,6.0,0.0,0.0,0.0,0.0,0.0,0.0,0.0,0.0,0.0,0.0,0.0,0.0,0.0,0.0,0.0,0.0,0.0,0.0,0.0,0.0,0.0,0.0,0.0,0.0,0.0,0.0,0.0,0.0,0.0,0.0,0.0,0.0,0.0,0.0,0.0,0.0,0.0,0.0,0.0,0.0,0.0,0.0,0.0,0.0,0.0,0.0,0.0,0.0,0.0,0.0,0.0,0.0,0.0,0.0,0.0,0.0,0.0,0.0,0.0,0.0,0.0,0.0,0.0,0.0,0.0,0.0,0.0,0.0,0.0,0.0,0.0,0.0,0.0,0.0,0.0,0.0,0.0,0.0,0.0,0.0,0.0,0.0,0.0,0.0,0.0,0.0,0.0,0.0,0.0,0.0,0.0,0.0,0.0,0.0,0.0,0.0
2017-02-20,132.0,3.5,13.0,130.0,155.0,158.0,649.0,3.6666666666666665,2.0,205.0,111.0,11.0,17.0,30.0,101.0,5.4,13.0,73.0,31.0,28.0,31.0,12.0,10.0,12.0,1.5,10.0,15.0,3.0,3.0,15.0,18.0,56.0,53.0,90.0,15.0,18.0,21.0,95.0,20.0,265.0,57.0,95.0,20.0,8.0,9.0,10.0,12.0,17.0,0.0,25.0,25.0,25.0,25.0,25.0,25.0,0.0,0.0,0.0,0.0,25.0,25.0,25.0,25.0,0.0,0.0,0.0,0.0,0.0,0.0,0.0,0.0,0.0,0.0,0.0,0.0,0.0,0.0,0.0,0.0,0.0,0.0,0.0,0.0,0.0,0.0,0.0,0.0,0.0,0.0,0.0,0.0,0.0,0.0,0.0,0.0,0.0,0.0,7.0,7.0,7.0,7.0,7.0,7.0,0.0,0.0,0.0,0.0,7.0,7.0,7.0,7.0,0.0,0.0,0.0,0.0,0.0,0.0,0.0,0.0,0.0,0.0,0.0,0.0,0.0,0.0,0.0,0.0,0.0,0.0,0.0,0.0,0.0,0.0,0.0,0.0,0.0,0.0,0.0,0.0,0.0,0.0,0.0,0.0,0.0
2017-02-27,123.0,5.0,25.0,94.0,140.0,159.0,777.0,5.0,9.0,234.0,107.0,26.0,24.0,40.0,102.0,6.0,21.0,83.0,50.0,35.0,75.0,15.0,14.0,7.0,2.0,9.5,2.0,8.0,10.0,21.0,3.0,35.0,63.0,94.0,24.0,26.0,18.0,136.0,6.0,202.0,49.0,75.0,38.0,26.0,11.0,7.5,3.0,11.0,0.0,0.0,0.0,0.0,0.0,0.0,0.0,0.0,0.0,0.0,0.0,0.0,0.0,0.0,0.0,0.0,0.0,0.0,0.0,0.0,0.0,0.0,0.0,0.0,0.0,0.0,0.0,0.0,0.0,0.0,0.0,0.0,0.0,0.0,0.0,0.0,0.0,0.0,0.0,0.0,0.0,0.0,0.0,0.0,0.0,0.0,0.0,0.0,0.0,0.0,0.0,0.0,0.0,0.0,0.0,0.0,0.0,0.0,0.0,0.0,0.0,0.0,0.0,0.0,0.0,0.0,0.0,0.0,0.0,0.0,0.0,0.0,0.0,0.0,0.0,0.0,0.0,0.0,0.0,0.0,0.0,0.0,0.0,0.0,0.0,0.0,0.0,0.0,0.0,0.0,0.0,0.0,0.0,0.0,0.0,0.0
2017-03-06,166.0,22.0,15.0,91.0,204.0,254.0,987.0,7.0,20.0,330.0,154.0,30.0,34.0,28.0,119.0,0.0,6.0,85.0,74.0,67.0,89.0,26.0,11.0,12.0,5.5,9.0,15.0,10.0,28.0,17.0,15.0,29.0,59.0,156.0,21.0,11.0,5.0,113.0,25.0,344.0,71.0,141.0,23.0,8.0,4.0,5.0,3.5,5.0,0.0,25.0,25.0,25.0,25.0,25.0,25.0,0.0,0.0,0.0,0.0,25.0,25.0,25.0,25.0,0.0,0.0,0.0,0.0,0.0,0.0,0.0,0.0,0.0,0.0,0.0,0.0,0.0,0.0,0.0,0.0,0.0,0.0,0.0,0.0,0.0,0.0,0.0,0.0,0.0,0.0,0.0,0.0,0.0,0.0,0.0,0.0,0.0,0.0,7.0,7.0,7.0,7.0,7.0,7.0,0.0,0.0,0.0,0.0,7.0,7.0,7.0,7.0,0.0,0.0,0.0,0.0,0.0,0.0,0.0,0.0,0.0,0.0,0.0,0.0,0.0,0.0,0.0,0.0,0.0,0.0,0.0,0.0,0.0,0.0,0.0,0.0,0.0,0.0,0.0,0.0,0.0,0.0,0.0,0.0,0.0
2017-03-13,169.0,13.0,4.0,91.0,176.0,314.0,959.0,1.0,8.0,368.0,192.0,37.0,39.0,52.0,127.0,2.0,25.0,168.0,129.0,96.0,44.0,53.0,8.0,31.0,9.0,1.0,9.0,10.0,35.0,36.0,41.0,43.0,31.0,139.0,29.0,15.0,15.0,98.0,38.0,241.0,103.0,159.0,55.0,4.0,8.0,0.0,4.0,10.0,0.0,25.0,25.0,25.0,25.0,25.0,25.0,0.0,0.0,0.0,0.0,25.0,25.0,25.0,25.0,0.0,0.0,0.0,0.0,0.0,0.0,0.0,0.0,0.0,0.0,0.0,0.0,0.0,0.0,0.0,0.0,0.0,0.0,0.0,0.0,0.0,0.0,0.0,0.0,0.0,0.0,0.0,0.0,0.0,0.0,0.0,0.0,0.0,0.0,7.0,7.0,7.0,7.0,7.0,7.0,0.0,0.0,0.0,0.0,7.0,7.0,7.0,7.0,0.0,0.0,0.0,0.0,0.0,0.0,0.0,0.0,0.0,0.0,0.0,0.0,0.0,0.0,0.0,0.0,0.0,0.0,0.0,0.0,0.0,0.0,0.0,0.0,0.0,0.0,0.0,0.0,0.0,0.0,0.0,0.0,0.0
2017-03-20,219.0,36.0,21.0,126.0,240.0,333.0,1084.0,8.0,19.0,380.0,191.0,30.0,46.0,63.0,129.0,1.0,21.0,103.0,99.0,60.0,75.0,32.0,17.0,34.0,10.0,5.0,22.0,18.0,21.0,46.0,16.0,37.0,34.0,159.0,57.0,19.0,2.0,222.0,67.0,355.0,112.0,137.0,38.0,11.0,2.0,6.0,10.0,5.0,0.0,0.0,0.0,0.0,0.0,0.0,0.0,0.0,0.0,0.0,0.0,0.0,0.0,0.0,0.0,0.0,0.0,0.0,0.0,0.0,0.0,0.0,0.0,0.0,0.0,0.0,0.0,0.0,0.0,0.0,0.0,0.0,0.0,0.0,0.0,0.0,0.0,0.0,0.0,0.0,0.0,0.0,0.0,0.0,0.0,0.0,0.0,0.0,0.0,0.0,0.0,0.0,0.0,0.0,0.0,0.0,0.0,0.0,0.0,0.0,0.0,0.0,0.0,0.0,0.0,0.0,0.0,0.0,0.0,0.0,0.0,0.0,0.0,0.0,0.0,0.0,0.0,0.0,0.0,0.0,0.0,0.0,0.0,0.0,0.0,0.0,0.0,0.0,0.0,0.0,0.0,0.0,0.0,0.0,0.0,0.0
2017-03-27,224.0,13.0,30.0,175.0,390.0,391.0,1931.0,8.0,12.0,494.0,230.0,45.0,40.0,45.0,244.0,12.0,32.0,135.0,86.0,104.0,74.0,29.0,20.0,26.0,7.0,12.0,6.0,9.0,13.0,45.0,26.0,27.0,19.0,202.0,63.0,33.0,13.0,294.0,26.0,387.0,74.0,253.0,62.0,17.0,18.0,10.0,15.0,12.0,0.0,25.0,25.0,25.0,25.0,25.0,0.0,0.0,0.0,0.0,0.0,25.0,25.0,25.0,25.0,0.0,0.0,0.0,0.0,0.0,0.0,0.0,0.0,0.0,0.0,0.0,0.0,0.0,0.0,0.0,0.0,0.0,0.0,0.0,0.0,0.0,0.0,0.0,0.0,0.0,0.0,0.0,0.0,0.0,0.0,0.0,0.0,0.0,0.0,7.0,7.0,7.0,7.0,7.0,7.0,0.0,0.0,0.0,0.0,7.0,7.0,7.0,7.0,0.0,0.0,0.0,0.0,0.0,0.0,0.0,0.0,0.0,0.0,0.0,0.0,0.0,0.0,0.0,0.0,0.0,0.0,0.0,0.0,0.0,0.0,0.0,0.0,0.0,0.0,0.0,0.0,0.0,0.0,0.0,0.0,0.0
2017-04-03,229.0,11.0,20.0,184.0,339.0,322.0,1434.0,0.0,15.0,453.0,181.0,44.0,40.0,27.0,183.0,13.0,25.0,120.0,113.0,92.0,68.0,38.0,29.0,21.0,1.0,3.0,13.0,15.0,11.0,50.0,19.0,24.0,47.0,147.0,35.0,50.0,11.5,223.0,25.0,331.0,92.0,217.0,52.0,7.0,24.0,6.0,17.0,18.0,0.0,0.0,0.0,0.0,0.0,0.0,0.0,0.0,0.0,0.0,0.0,0.0,0.0,0.0,0.0,0.0,0.0,0.0,0.0,0.0,0.0,0.0,0.0,0.0,0.0,0.0,0.0,0.0,0.0,0.0,0.0,0.0,0.0,0.0,0.0,0.0,0.0,0.0,0.0,0.0,0.0,0.0,0.0,0.0,0.0,0.0,0.0,0.0,0.0,0.0,0.0,0.0,0.0,0.0,0.0,0.0,0.0,0.0,0.0,0.0,0.0,0.0,0.0,0.0,0.0,0.0,0.0,0.0,0.0,0.0,0.0,0.0,0.0,0.0,0.0,0.0,0.0,0.0,0.0,0.0,0.0,0.0,0.0,0.0,0.0,0.0,0.0,0.0,0.0,0.0,0.0,0.0,0.0,0.0,0.0,0.0
2017-04-10,243.0,16.0,19.0,138.0,303.0,256.0,1399.0,1.0,26.0,448.0,187.0,36.0,31.0,47.0,185.0,1.0,20.0,135.0,115.0,103.0,90.0,44.0,18.0,27.0,9.0,3.0,12.0,16.0,36.0,51.0,9.0,40.0,20.0,241.0,40.0,16.0,10.0,172.0,36.0,320.0,101.0,175.0,54.0,11.0,13.0,4.0,18.0,11.0,0.0,0.0,0.0,0.0,0.0,0.0,0.0,0.0,0.0,0.0,0.0,0.0,0.0,0.0,0.0,0.0,0.0,0.0,0.0,0.0,0.0,0.0,0.0,0.0,0.0,0.0,0.0,0.0,0.0,0.0,0.0,0.0,0.0,0.0,0.0,0.0,0.0,0.0,0.0,0.0,0.0,0.0,0.0,0.0,0.0,0.0,0.0,0.0,0.0,0.0,0.0,0.0,0.0,0.0,0.0,0.0,0.0,0.0,0.0,0.0,0.0,0.0,0.0,0.0,0.0,0.0,0.0,0.0,0.0,0.0,0.0,0.0,0.0,0.0,0.0,0.0,0.0,0.0,0.0,0.0,0.0,0.0,0.0,0.0,0.0,0.0,0.0,0.0,0.0,0.0,0.0,0.0,0.0,0.0,0.0,0.0
2017-04-17,197.0,5.0,18.0,154.0,306.0,258.0,1478.0,3.0,23.0,390.0,193.0,45.0,36.0,41.0,164.0,5.0,20.0,124.0,72.0,120.0,60.0,46.0,24.0,31.0,10.0,18.0,8.0,14.0,17.0,27.0,8.0,66.0,39.0,150.0,24.0,22.0,27.0,126.0,42.0,315.0,76.0,211.0,28.0,5.0,8.0,3.0,2.0,13.0,0.0,25.0,25.0,25.0,25.0,25.0,25.0,0.0,0.0,0.0,0.0,25.0,25.0,25.0,25.0,0.0,0.0,0.0,0.0,0.0,0.0,0.0,0.0,0.0,0.0,0.0,0.0,0.0,0.0,0.0,0.0,0.0,0.0,0.0,0.0,0.0,0.0,0.0,0.0,0.0,0.0,0.0,0.0,0.0,0.0,0.0,0.0,0.0,0.0,6.0,6.0,6.0,6.0,6.0,6.0,0.0,0.0,0.0,0.0,6.0,6.0,6.0,6.0,0.0,0.0,0.0,0.0,0.0,0.0,0.0,0.0,0.0,0.0,0.0,0.0,0.0,0.0,0.0,0.0,0.0,0.0,0.0,0.0,0.0,0.0,0.0,0.0,0.0,0.0,0.0,0.0,0.0,0.0,0.0,0.0,0.0
2017-04-24,270.0,30.0,9.0,209.0,359.0,411.0,1788.0,4.0,1.0,604.0,271.0,48.0,59.0,89.0,226.0,10.0,31.0,151.0,140.0,127.0,99.0,73.0,23.0,34.0,34.0,4.0,25.0,28.0,25.0,47.0,14.0,91.0,50.0,293.0,29.0,25.0,25.0,299.0,69.0,451.0,76.0,301.0,39.0,7.0,15.0,6.0,9.0,11.0,0.0,0.0,0.0,0.0,0.0,0.0,0.0,0.0,0.0,0.0,0.0,0.0,0.0,0.0,0.0,0.0,0.0,0.0,0.0,0.0,0.0,0.0,0.0,0.0,0.0,0.0,0.0,0.0,0.0,0.0,0.0,0.0,0.0,0.0,0.0,0.0,0.0,0.0,0.0,0.0,0.0,0.0,0.0,0.0,0.0,0.0,0.0,0.0,0.0,0.0,0.0,0.0,0.0,0.0,0.0,0.0,0.0,0.0,0.0,0.0,0.0,0.0,0.0,0.0,0.0,0.0,0.0,0.0,0.0,0.0,0.0,0.0,0.0,0.0,0.0,0.0,0.0,0.0,0.0,0.0,0.0,0.0,0.0,0.0,0.0,0.0,0.0,0.0,0.0,0.0,0.0,0.0,0.0,0.0,0.0,0.0
2017-05-01,191.0,24.0,20.0,154.0,309.0,213.0,1567.0,16.0,10.0,414.0,157.0,55.0,30.0,90.0,181.0,24.0,17.0,45.0,100.0,83.0,99.0,51.0,11.0,44.0,4.0,6.0,15.0,20.0,7.0,29.0,14.0,52.0,34.0,123.0,49.0,27.0,15.0,120.0,44.0,317.0,94.0,189.0,28.0,7.0,3.0,10.0,4.0,20.0,0.0,25.0,25.0,25.0,25.0,25.0,25.0,0.0,0.0,0.0,0.0,25.0,25.0,25.0,25.0,0.0,0.0,0.0,0.0,0.0,0.0,0.0,0.0,0.0,0.0,0.0,0.0,0.0,0.0,0.0,0.0,0.0,0.0,0.0,0.0,0.0,0.0,0.0,0.0,0.0,0.0,0.0,0.0,0.0,0.0,0.0,0.0,0.0,0.0,7.0,7.0,7.0,7.0,7.0,7.0,0.0,0.0,0.0,0.0,7.0,7.0,7.0,7.0,0.0,0.0,0.0,0.0,0.0,0.0,0.0,0.0,0.0,0.0,0.0,0.0,0.0,0.0,0.0,0.0,0.0,0.0,0.0,0.0,0.0,0.0,0.0,0.0,0.0,0.0,0.0,0.0,0.0,0.0,0.0,0.0,0.0
2017-05-08,147.0,23.0,25.0,145.0,252.0,252.0,1355.0,1.0,13.0,391.0,154.0,24.0,23.0,28.0,171.0,7.0,12.0,92.0,98.0,49.0,60.0,30.0,20.0,9.0,6.0,9.0,11.0,5.0,23.0,39.0,11.0,49.0,28.0,167.0,41.0,11.0,3.0,148.0,21.0,298.0,88.0,136.0,24.0,27.0,3.0,12.0,3.0,11.0,0.0,0.0,0.0,0.0,0.0,0.0,0.0,0.0,0.0,0.0,0.0,0.0,0.0,0.0,0.0,0.0,0.0,0.0,0.0,0.0,0.0,0.0,0.0,0.0,0.0,0.0,0.0,0.0,0.0,0.0,0.0,0.0,0.0,0.0,0.0,0.0,0.0,0.0,0.0,0.0,0.0,0.0,0.0,0.0,0.0,0.0,0.0,0.0,0.0,0.0,0.0,0.0,0.0,0.0,7.0,0.0,0.0,0.0,0.0,0.0,0.0,0.0,0.0,0.0,0.0,0.0,0.0,0.0,0.0,0.0,0.0,0.0,0.0,0.0,0.0,0.0,0.0,0.0,0.0,0.0,0.0,0.0,0.0,0.0,0.0,0.0,0.0,0.0,0.0,0.0,0.0,0.0,0.0,0.0,0.0,0.0
2017-05-15,242.0,14.0,22.0,117.0,236.0,342.0,1137.0,2.0,5.0,345.0,167.0,36.0,41.0,60.0,131.0,16.0,8.0,99.0,118.0,70.0,27.0,34.0,15.0,18.0,4.0,9.0,21.0,9.0,9.0,41.0,29.0,32.0,25.0,175.0,34.0,70.0,25.0,195.0,53.0,327.0,63.0,124.0,50.0,11.0,4.0,6.0,4.0,11.0,0.0,0.0,0.0,0.0,0.0,0.0,0.0,0.0,0.0,0.0,0.0,0.0,0.0,0.0,0.0,0.0,0.0,0.0,0.0,0.0,0.0,0.0,0.0,0.0,0.0,0.0,0.0,0.0,0.0,0.0,0.0,0.0,0.0,0.0,0.0,0.0,0.0,0.0,0.0,0.0,0.0,0.0,0.0,0.0,0.0,0.0,0.0,0.0,0.0,0.0,0.0,0.0,0.0,0.0,0.0,0.0,0.0,0.0,0.0,0.0,0.0,0.0,0.0,0.0,0.0,0.0,0.0,0.0,0.0,0.0,0.0,0.0,0.0,0.0,0.0,0.0,0.0,0.0,0.0,0.0,0.0,0.0,0.0,0.0,0.0,0.0,0.0,0.0,0.0,0.0,0.0,0.0,0.0,0.0,0.0,0.0
2017-05-22,327.0,30.0,30.0,210.0,532.0,546.0,2006.0,10.0,32.0,571.0,283.0,62.0,64.0,77.0,250.0,4.0,30.0,129.0,163.0,107.0,116.0,66.0,22.0,59.0,31.0,9.0,15.0,21.0,12.0,57.0,19.0,72.0,53.0,311.0,113.0,28.0,8.0,344.0,109.0,485.0,131.0,257.0,64.0,18.0,19.0,6.0,10.0,15.0,0.0,0.0,0.0,0.0,0.0,0.0,0.0,0.0,0.0,0.0,0.0,0.0,0.0,0.0,0.0,0.0,0.0,0.0,0.0,0.0,0.0,0.0,0.0,0.0,0.0,0.0,0.0,0.0,0.0,0.0,0.0,0.0,0.0,0.0,0.0,0.0,0.0,0.0,0.0,0.0,0.0,0.0,0.0,0.0,0.0,0.0,0.0,0.0,0.0,0.0,0.0,0.0,0.0,0.0,0.0,0.0,0.0,0.0,0.0,0.0,0.0,0.0,0.0,0.0,0.0,0.0,0.0,0.0,0.0,0.0,0.0,0.0,0.0,0.0,0.0,0.0,0.0,0.0,0.0,0.0,0.0,0.0,0.0,0.0,0.0,0.0,0.0,0.0,0.0,0.0,0.0,0.0,0.0,0.0,0.0,0.0
2017-05-29,234.0,20.0,34.0,124.0,414.0,319.0,1515.0,2.0,19.0,463.0,166.0,39.0,49.0,56.0,171.0,5.0,23.0,87.0,118.0,67.0,53.0,44.0,14.0,2.0,1.0,12.0,1.0,28.0,19.0,28.0,8.0,54.0,36.0,162.0,66.0,23.0,28.0,147.0,19.0,272.0,121.0,181.0,32.0,19.0,16.0,1.0,15.0,7.0,0.0,0.0,0.0,0.0,0.0,0.0,0.0,0.0,0.0,0.0,0.0,0.0,0.0,0.0,0.0,0.0,0.0,0.0,0.0,0.0,0.0,0.0,0.0,0.0,0.0,0.0,0.0,0.0,0.0,0.0,0.0,0.0,0.0,0.0,0.0,0.0,0.0,0.0,0.0,0.0,0.0,0.0,0.0,0.0,0.0,0.0,0.0,0.0,0.0,0.0,0.0,0.0,0.0,0.0,0.0,0.0,0.0,0.0,0.0,0.0,0.0,0.0,0.0,0.0,0.0,0.0,0.0,0.0,0.0,0.0,0.0,0.0,0.0,0.0,0.0,0.0,0.0,0.0,0.0,0.0,0.0,0.0,0.0,0.0,0.0,0.0,0.0,0.0,0.0,0.0,0.0,0.0,0.0,0.0,0.0,0.0
2017-06-05,317.0,17.0,40.0,168.0,350.0,352.0,1534.0,24.0,10.0,571.0,276.0,36.0,27.0,94.0,185.0,8.0,51.0,166.0,192.0,148.0,158.0,128.0,44.0,33.0,34.0,3.0,14.0,27.0,45.0,56.0,47.0,48.0,28.0,365.0,64.0,8.0,23.0,289.0,77.0,749.0,231.0,342.0,69.0,12.0,11.0,7.0,10.0,9.0,0.0,0.0,0.0,0.0,0.0,0.0,0.0,20.0,20.0,0.0,0.0,0.0,0.0,20.0,0.0,20.0,20.0,20.0,20.0,20.0,20.0,20.0,20.0,20.0,20.0,20.0,20.0,20.0,20.0,20.0,20.0,0.0,0.0,20.0,20.0,0.0,0.0,20.0,20.0,20.0,20.0,20.0,20.0,20.0,0.0,20.0,20.0,0.0,0.0,0.0,0.0,0.0,0.0,0.0,0.0,6.0,6.0,0.0,0.0,0.0,0.0,6.0,0.0,6.0,6.0,6.0,6.0,6.0,6.0,6.0,6.0,6.0,6.0,6.0,6.0,6.0,6.0,6.0,6.0,0.0,0.0,6.0,6.0,0.0,0.0,6.0,6.0,6.0,6.0,6.0,6.0,6.0,0.0,6.0,6.0,0.0
2017-06-12,175.0,16.0,33.0,197.0,228.0,287.0,1322.0,10.0,18.0,414.0,161.0,26.0,35.0,58.0,161.0,17.0,17.0,99.0,71.0,70.0,82.0,21.0,23.0,17.0,14.0,22.0,16.0,2.0,19.0,16.0,2.0,30.0,26.0,135.0,46.0,1.0,9.0,151.0,33.0,328.0,94.0,131.0,86.0,11.0,0.0,11.0,11.0,12.0,0.0,25.0,25.0,25.0,25.0,25.0,25.0,0.0,0.0,0.0,0.0,25.0,25.0,25.0,25.0,0.0,0.0,0.0,0.0,0.0,0.0,0.0,0.0,0.0,0.0,0.0,0.0,0.0,0.0,0.0,0.0,0.0,0.0,0.0,0.0,0.0,0.0,0.0,0.0,0.0,0.0,0.0,0.0,0.0,0.0,0.0,0.0,0.0,0.0,7.0,7.0,7.0,7.0,7.0,7.0,0.0,0.0,0.0,0.0,7.0,7.0,7.0,7.0,0.0,0.0,0.0,0.0,0.0,0.0,0.0,0.0,0.0,0.0,0.0,0.0,0.0,0.0,0.0,0.0,0.0,0.0,0.0,0.0,0.0,0.0,0.0,0.0,0.0,0.0,0.0,0.0,0.0,0.0,0.0,0.0,0.0
2017-06-19,210.0,29.0,14.0,113.0,220.0,274.0,1192.0,2.0,4.0,335.0,128.0,23.0,25.0,45.0,145.0,15.0,16.0,106.0,82.0,56.0,39.0,35.0,17.0,3.0,49.0,16.0,8.0,5.0,0.0,22.0,15.0,25.0,52.0,140.0,23.0,4.0,4.0,137.0,56.0,323.0,110.0,113.0,30.0,9.0,7.0,2.0,8.0,11.0,0.0,0.0,0.0,0.0,0.0,0.0,0.0,0.0,0.0,0.0,0.0,0.0,0.0,0.0,0.0,0.0,0.0,0.0,0.0,0.0,0.0,0.0,0.0,0.0,0.0,0.0,0.0,0.0,0.0,0.0,0.0,0.0,0.0,0.0,0.0,0.0,0.0,0.0,0.0,0.0,0.0,0.0,0.0,0.0,0.0,0.0,0.0,0.0,0.0,0.0,0.0,0.0,0.0,0.0,0.0,0.0,0.0,0.0,0.0,0.0,0.0,0.0,0.0,0.0,0.0,0.0,0.0,0.0,0.0,0.0,0.0,0.0,0.0,0.0,0.0,0.0,0.0,0.0,0.0,0.0,0.0,0.0,0.0,0.0,0.0,0.0,0.0,0.0,0.0,0.0,0.0,0.0,0.0,0.0,0.0,0.0
2017-06-26,238.0,3.0,55.0,104.0,300.0,280.0,1188.0,13.0,21.0,325.0,141.0,34.0,31.0,50.0,138.0,13.0,12.0,93.0,65.0,58.0,28.0,27.0,20.0,13.0,22.0,9.0,8.0,19.0,35.0,28.0,18.0,40.0,40.0,130.0,55.0,23.0,30.0,129.0,64.0,394.0,90.0,184.0,62.0,4.0,10.0,4.0,5.0,18.0,0.0,0.0,0.0,0.0,0.0,0.0,0.0,0.0,0.0,0.0,0.0,0.0,0.0,0.0,0.0,0.0,0.0,0.0,0.0,0.0,0.0,0.0,0.0,0.0,0.0,0.0,0.0,0.0,0.0,0.0,0.0,0.0,0.0,0.0,0.0,0.0,0.0,0.0,0.0,0.0,0.0,0.0,0.0,0.0,0.0,0.0,0.0,0.0,0.0,0.0,0.0,0.0,0.0,0.0,0.0,0.0,0.0,0.0,0.0,0.0,0.0,0.0,0.0,0.0,0.0,0.0,0.0,0.0,0.0,0.0,0.0,0.0,0.0,0.0,0.0,0.0,0.0,0.0,0.0,0.0,0.0,0.0,0.0,0.0,0.0,0.0,0.0,0.0,0.0,0.0,0.0,0.0,0.0,0.0,0.0,0.0
2017-07-03,214.0,24.0,41.0,130.0,360.0,287.0,1192.0,4.0,13.0,452.0,184.0,31.0,33.0,38.0,135.0,11.0,17.0,132.0,175.0,102.0,52.0,47.0,13.0,8.0,5.0,14.0,10.0,23.0,27.0,61.0,23.0,38.0,18.0,169.0,26.0,21.0,0.0,175.0,54.0,313.0,103.0,116.0,39.0,25.0,7.0,5.0,5.0,15.0,0.0,0.0,0.0,0.0,0.0,0.0,0.0,0.0,0.0,0.0,0.0,0.0,0.0,0.0,0.0,0.0,0.0,0.0,0.0,0.0,0.0,0.0,0.0,0.0,0.0,0.0,0.0,0.0,0.0,0.0,0.0,0.0,0.0,0.0,0.0,0.0,0.0,0.0,0.0,0.0,0.0,0.0,0.0,0.0,0.0,0.0,0.0,0.0,0.0,0.0,0.0,0.0,0.0,0.0,0.0,0.0,0.0,0.0,0.0,0.0,0.0,0.0,0.0,0.0,0.0,0.0,0.0,0.0,0.0,0.0,0.0,0.0,0.0,0.0,0.0,0.0,0.0,0.0,0.0,0.0,0.0,0.0,0.0,0.0,0.0,0.0,0.0,0.0,0.0,0.0,0.0,0.0,0.0,0.0,0.0,0.0
2017-07-10,186.0,13.0,27.0,116.0,299.0,347.0,1486.0,7.0,10.0,335.0,169.0,35.0,44.0,28.0,176.0,9.0,19.0,108.0,78.0,49.0,74.0,55.0,23.0,21.0,11.0,3.0,2.0,9.0,36.0,26.0,10.0,35.0,41.0,127.0,36.0,15.0,20.0,153.0,14.0,328.0,119.0,165.0,60.0,8.0,12.0,4.0,15.0,7.0,0.0,25.0,25.0,25.0,25.0,25.0,0.0,0.0,0.0,0.0,0.0,25.0,25.0,25.0,25.0,0.0,0.0,0.0,0.0,0.0,0.0,0.0,0.0,0.0,0.0,0.0,0.0,0.0,0.0,0.0,0.0,0.0,0.0,0.0,0.0,0.0,0.0,0.0,0.0,0.0,0.0,0.0,0.0,0.0,0.0,0.0,0.0,0.0,0.0,7.0,7.0,7.0,7.0,7.0,7.0,0.0,0.0,0.0,0.0,7.0,7.0,7.0,7.0,0.0,0.0,0.0,0.0,0.0,0.0,0.0,0.0,0.0,0.0,0.0,0.0,0.0,0.0,0.0,0.0,0.0,0.0,0.0,0.0,0.0,0.0,0.0,0.0,0.0,0.0,0.0,0.0,0.0,0.0,0.0,0.0,0.0
2017-07-17,200.0,25.0,15.0,161.0,354.0,401.0,1709.0,7.0,5.0,448.0,154.0,22.0,59.0,78.0,215.0,22.0,15.0,109.0,80.0,74.0,69.0,31.0,30.0,28.0,2.0,17.0,9.0,17.0,23.0,63.0,25.0,33.0,32.0,169.0,27.0,17.0,9.0,200.0,61.0,310.0,94.0,141.0,30.0,18.0,14.0,1.0,10.0,8.0,0.0,0.0,0.0,0.0,0.0,0.0,0.0,0.0,0.0,0.0,0.0,0.0,0.0,0.0,0.0,0.0,0.0,0.0,0.0,0.0,0.0,0.0,0.0,0.0,0.0,0.0,0.0,0.0,0.0,0.0,0.0,0.0,0.0,0.0,0.0,0.0,0.0,0.0,0.0,0.0,0.0,0.0,0.0,0.0,0.0,0.0,0.0,0.0,0.0,0.0,0.0,0.0,0.0,0.0,0.0,0.0,0.0,0.0,0.0,0.0,0.0,0.0,0.0,0.0,0.0,0.0,0.0,0.0,0.0,0.0,0.0,0.0,0.0,0.0,0.0,0.0,0.0,0.0,0.0,0.0,0.0,0.0,0.0,0.0,0.0,0.0,0.0,0.0,0.0,0.0,0.0,0.0,0.0,0.0,0.0,0.0
2017-07-24,301.0,23.0,71.0,235.0,400.0,386.0,1765.0,11.0,16.0,466.0,208.0,45.0,45.0,72.0,216.0,35.0,20.0,115.0,125.0,70.0,120.0,31.0,25.0,14.0,21.0,10.0,26.0,13.0,11.0,51.0,17.0,60.0,39.0,229.0,49.0,31.0,10.0,248.0,61.0,457.0,45.0,181.0,69.0,21.0,9.0,14.0,10.0,14.0,0.0,0.0,0.0,0.0,0.0,0.0,0.0,0.0,0.0,0.0,0.0,0.0,0.0,0.0,0.0,0.0,0.0,0.0,0.0,0.0,0.0,0.0,0.0,0.0,0.0,0.0,0.0,0.0,0.0,0.0,0.0,0.0,0.0,0.0,0.0,0.0,0.0,0.0,0.0,0.0,0.0,0.0,0.0,0.0,0.0,0.0,0.0,0.0,0.0,0.0,0.0,0.0,0.0,0.0,0.0,0.0,0.0,0.0,0.0,0.0,0.0,0.0,0.0,0.0,0.0,0.0,0.0,0.0,0.0,0.0,0.0,0.0,0.0,0.0,0.0,0.0,0.0,0.0,0.0,0.0,0.0,0.0,0.0,0.0,0.0,0.0,0.0,0.0,0.0,0.0,0.0,0.0,0.0,0.0,0.0,0.0
2017-07-31,273.0,27.0,28.0,209.0,337.0,353.0,1802.0,18.0,24.0,522.0,237.0,36.0,45.0,52.0,219.0,7.0,36.0,169.0,103.0,90.0,100.0,49.0,9.0,26.0,10.0,17.0,9.0,8.0,26.0,43.0,24.0,36.0,28.0,208.0,75.0,8.0,8.0,186.0,30.0,471.0,99.0,223.0,41.0,16.0,10.0,8.0,19.0,13.0,0.0,0.0,0.0,0.0,0.0,0.0,0.0,0.0,0.0,0.0,0.0,0.0,0.0,0.0,0.0,0.0,0.0,0.0,0.0,0.0,0.0,0.0,0.0,0.0,0.0,0.0,0.0,0.0,0.0,0.0,0.0,0.0,0.0,0.0,0.0,0.0,0.0,0.0,0.0,0.0,0.0,0.0,0.0,0.0,0.0,0.0,0.0,0.0,0.0,0.0,0.0,0.0,0.0,0.0,0.0,0.0,0.0,0.0,0.0,0.0,0.0,0.0,0.0,0.0,0.0,0.0,0.0,0.0,0.0,0.0,0.0,0.0,0.0,0.0,0.0,0.0,0.0,0.0,0.0,0.0,0.0,0.0,0.0,0.0,0.0,0.0,0.0,0.0,0.0,0.0,0.0,0.0,0.0,0.0,0.0,0.0
2017-08-07,310.0,16.0,43.0,154.0,342.0,371.0,1547.0,8.0,22.0,465.0,196.0,34.0,28.0,40.0,181.0,9.0,23.0,131.0,145.0,104.0,83.0,50.0,12.0,30.0,5.0,24.0,10.0,18.0,24.0,35.0,31.0,62.0,18.0,196.0,22.0,34.0,8.0,227.0,80.0,393.0,94.0,175.0,59.0,15.0,4.0,16.0,19.0,10.0,0.0,0.0,0.0,0.0,0.0,0.0,0.0,0.0,0.0,0.0,0.0,0.0,0.0,0.0,0.0,0.0,0.0,0.0,0.0,0.0,0.0,0.0,0.0,0.0,0.0,0.0,0.0,0.0,0.0,0.0,0.0,0.0,0.0,0.0,0.0,0.0,0.0,0.0,0.0,0.0,0.0,0.0,0.0,0.0,0.0,0.0,0.0,0.0,0.0,0.0,0.0,0.0,0.0,0.0,0.0,0.0,0.0,0.0,0.0,0.0,0.0,0.0,0.0,0.0,0.0,0.0,0.0,0.0,0.0,0.0,0.0,0.0,0.0,0.0,0.0,0.0,0.0,0.0,0.0,0.0,0.0,0.0,0.0,0.0,0.0,0.0,0.0,0.0,0.0,0.0,0.0,0.0,0.0,0.0,0.0,0.0
2017-08-14,237.0,37.0,14.0,163.0,282.0,415.0,1433.0,3.0,22.0,428.0,204.0,38.0,43.0,53.0,190.0,5.0,18.0,98.0,124.0,53.0,94.0,39.0,22.0,11.0,9.0,38.0,7.0,14.0,21.0,59.0,33.0,60.0,81.0,204.0,36.0,23.0,18.0,217.0,54.0,359.0,132.0,117.0,63.0,13.0,9.0,13.0,23.0,11.0,0.0,25.0,25.0,25.0,25.0,25.0,25.0,0.0,0.0,0.0,0.0,25.0,25.0,25.0,25.0,0.0,0.0,0.0,0.0,0.0,0.0,0.0,0.0,0.0,0.0,0.0,0.0,0.0,0.0,0.0,0.0,0.0,0.0,0.0,0.0,0.0,0.0,0.0,0.0,0.0,0.0,0.0,0.0,0.0,0.0,0.0,0.0,0.0,0.0,1.0,1.0,1.0,1.0,1.0,1.0,0.0,0.0,0.0,0.0,1.0,1.0,1.0,1.0,0.0,0.0,0.0,0.0,0.0,0.0,0.0,0.0,0.0,0.0,0.0,0.0,0.0,0.0,0.0,0.0,0.0,0.0,0.0,0.0,0.0,0.0,0.0,0.0,0.0,0.0,0.0,0.0,0.0,0.0,0.0,0.0,0.0
2017-08-21,263.0,40.0,31.0,205.0,385.0,444.0,1867.0,3.0,19.0,529.0,195.0,46.0,53.0,43.0,233.0,16.0,36.0,153.0,136.0,71.0,64.0,58.0,19.0,20.0,13.0,11.0,13.0,42.0,21.0,40.0,24.0,38.0,34.0,201.0,41.0,36.0,12.0,181.0,44.0,329.0,81.0,144.0,32.0,13.0,13.0,21.0,13.0,5.0,0.0,25.0,25.0,25.0,25.0,25.0,25.0,0.0,0.0,0.0,0.0,25.0,25.0,25.0,25.0,0.0,0.0,0.0,0.0,0.0,0.0,0.0,0.0,0.0,0.0,0.0,0.0,0.0,0.0,0.0,0.0,0.0,0.0,0.0,0.0,0.0,0.0,0.0,0.0,0.0,0.0,0.0,0.0,0.0,0.0,0.0,0.0,0.0,0.0,7.0,7.0,7.0,7.0,7.0,7.0,0.0,0.0,0.0,0.0,7.0,7.0,7.0,7.0,0.0,0.0,0.0,0.0,0.0,0.0,0.0,0.0,0.0,0.0,0.0,0.0,0.0,0.0,0.0,0.0,0.0,0.0,0.0,0.0,0.0,0.0,0.0,0.0,0.0,0.0,0.0,0.0,0.0,0.0,0.0,0.0,0.0
2017-08-28,237.0,19.0,14.0,192.0,343.0,345.0,1547.0,26.0,8.0,389.0,140.0,37.0,48.0,51.0,179.0,1.0,9.0,95.0,88.0,100.0,65.0,67.0,7.0,26.0,1.0,29.0,10.0,12.0,21.0,27.0,14.0,17.0,50.0,233.0,61.0,21.0,25.0,120.0,45.0,337.0,65.0,111.0,37.0,6.0,7.0,3.0,13.0,15.0,0.0,0.0,0.0,0.0,0.0,0.0,0.0,0.0,0.0,0.0,0.0,0.0,0.0,0.0,0.0,0.0,0.0,0.0,0.0,0.0,0.0,0.0,0.0,0.0,0.0,0.0,0.0,0.0,0.0,0.0,0.0,0.0,0.0,0.0,0.0,0.0,0.0,0.0,0.0,0.0,0.0,0.0,0.0,0.0,0.0,0.0,0.0,0.0,0.0,0.0,0.0,0.0,0.0,0.0,0.0,0.0,0.0,0.0,0.0,0.0,0.0,0.0,0.0,0.0,0.0,0.0,0.0,0.0,0.0,0.0,0.0,0.0,0.0,0.0,0.0,0.0,0.0,0.0,0.0,0.0,0.0,0.0,0.0,0.0,0.0,0.0,0.0,0.0,0.0,0.0,0.0,0.0,0.0,0.0,0.0,0.0
2017-09-04,172.0,31.0,23.0,136.0,261.0,207.0,1222.0,7.0,14.0,310.0,133.0,36.0,15.0,61.0,180.0,9.0,16.0,109.0,61.0,60.0,48.0,29.0,20.0,23.0,6.0,18.5,9.0,14.0,20.0,20.0,10.0,33.0,42.0,149.0,30.0,4.0,4.0,154.0,25.0,248.0,74.0,140.0,66.0,9.0,4.0,5.0,10.666666666666666,10.0,0.0,25.0,25.0,25.0,25.0,25.0,0.0,0.0,0.0,0.0,0.0,25.0,25.0,25.0,25.0,0.0,0.0,0.0,0.0,0.0,0.0,0.0,0.0,0.0,0.0,0.0,0.0,0.0,0.0,0.0,0.0,0.0,0.0,0.0,0.0,0.0,0.0,0.0,0.0,0.0,0.0,0.0,0.0,0.0,0.0,0.0,0.0,0.0,0.0,1.0,1.0,1.0,1.0,1.0,7.0,0.0,0.0,0.0,0.0,1.0,1.0,1.0,1.0,0.0,0.0,0.0,0.0,0.0,0.0,0.0,0.0,0.0,0.0,0.0,0.0,0.0,0.0,0.0,0.0,0.0,0.0,0.0,0.0,0.0,0.0,0.0,0.0,0.0,0.0,0.0,0.0,0.0,0.0,0.0,0.0,0.0
2017-09-11,211.0,22.0,22.0,174.0,282.0,290.0,1235.0,12.0,26.0,309.0,168.0,29.0,38.0,59.0,185.0,4.0,13.0,122.0,67.0,61.0,71.0,48.0,27.0,16.0,12.0,8.0,4.0,1.0,11.0,33.0,15.0,36.0,36.0,190.0,28.0,19.0,23.0,130.0,41.0,323.0,93.0,119.0,26.0,9.0,11.0,8.0,8.333333333333332,10.0,0.0,25.0,25.0,25.0,25.0,25.0,0.0,0.0,0.0,0.0,0.0,25.0,25.0,25.0,25.0,0.0,0.0,0.0,0.0,0.0,0.0,0.0,0.0,0.0,0.0,0.0,0.0,0.0,0.0,0.0,0.0,0.0,0.0,0.0,0.0,0.0,0.0,0.0,0.0,0.0,0.0,0.0,0.0,0.0,0.0,0.0,0.0,0.0,0.0,7.0,7.0,7.0,7.0,7.0,7.0,0.0,0.0,0.0,0.0,7.0,7.0,7.0,7.0,0.0,0.0,0.0,0.0,0.0,0.0,0.0,0.0,0.0,0.0,0.0,0.0,0.0,0.0,0.0,0.0,0.0,0.0,0.0,0.0,0.0,0.0,0.0,0.0,0.0,0.0,0.0,0.0,0.0,0.0,0.0,0.0,0.0
2017-09-18,182.0,21.0,16.0,215.0,362.0,347.0,1408.0,8.0,25.0,488.0,224.0,43.0,34.0,68.0,181.0,8.0,41.0,141.0,111.0,71.0,76.0,20.0,23.0,18.0,7.0,7.0,2.0,12.0,24.0,40.0,7.0,65.0,40.0,180.0,32.0,12.0,4.0,99.0,30.0,337.0,78.0,180.0,66.0,17.0,11.0,11.0,6.0,9.0,0.0,0.0,0.0,0.0,0.0,0.0,0.0,0.0,0.0,0.0,0.0,0.0,0.0,0.0,0.0,0.0,0.0,0.0,0.0,0.0,0.0,0.0,0.0,0.0,0.0,0.0,0.0,0.0,0.0,0.0,0.0,0.0,0.0,0.0,0.0,0.0,0.0,0.0,0.0,0.0,0.0,0.0,0.0,0.0,0.0,0.0,0.0,0.0,0.0,0.0,0.0,0.0,0.0,0.0,0.0,0.0,0.0,0.0,0.0,0.0,0.0,0.0,0.0,0.0,0.0,0.0,0.0,0.0,0.0,0.0,0.0,0.0,0.0,0.0,0.0,0.0,0.0,0.0,0.0,0.0,0.0,0.0,0.0,0.0,0.0,0.0,0.0,0.0,0.0,0.0,0.0,0.0,0.0,0.0,0.0,0.0
2017-09-25,198.0,32.0,29.0,131.0,224.0,311.0,1467.0,3.0,12.0,440.0,135.0,25.0,41.0,57.0,168.0,10.0,19.0,127.0,99.0,90.0,94.0,57.0,20.0,28.0,4.0,21.0,9.0,25.0,4.0,28.0,6.0,24.0,52.0,177.0,28.0,9.0,17.0,192.0,22.0,305.0,58.0,120.0,34.0,8.0,18.0,0.0,8.0,19.0,0.0,0.0,0.0,0.0,0.0,0.0,0.0,0.0,0.0,0.0,0.0,0.0,0.0,0.0,0.0,0.0,0.0,0.0,0.0,0.0,0.0,0.0,0.0,0.0,0.0,0.0,0.0,0.0,0.0,0.0,0.0,0.0,0.0,0.0,0.0,0.0,0.0,0.0,0.0,0.0,0.0,0.0,0.0,0.0,0.0,0.0,0.0,0.0,0.0,0.0,0.0,0.0,0.0,0.0,0.0,0.0,0.0,0.0,0.0,0.0,0.0,0.0,0.0,0.0,0.0,0.0,0.0,0.0,0.0,0.0,0.0,0.0,0.0,0.0,0.0,0.0,0.0,0.0,0.0,0.0,0.0,0.0,0.0,0.0,0.0,0.0,0.0,0.0,0.0,0.0,0.0,0.0,0.0,0.0,0.0,0.0
2017-10-02,131.0,18.0,5.0,116.0,211.0,275.0,918.0,6.0,12.0,303.0,123.0,28.0,34.0,45.0,133.0,3.0,24.0,85.0,61.0,48.0,36.0,36.0,15.0,21.0,20.0,0.0,5.0,14.0,11.0,16.0,8.0,50.0,29.0,118.0,47.0,18.0,3.0,113.0,35.0,193.0,76.0,100.0,38.0,5.0,12.0,2.0,14.0,14.0,0.0,0.0,0.0,0.0,0.0,0.0,0.0,0.0,0.0,0.0,0.0,0.0,0.0,0.0,0.0,0.0,0.0,0.0,0.0,0.0,0.0,0.0,0.0,0.0,0.0,0.0,0.0,0.0,0.0,0.0,0.0,0.0,0.0,0.0,0.0,0.0,0.0,0.0,0.0,0.0,0.0,0.0,0.0,0.0,0.0,0.0,0.0,0.0,0.0,0.0,0.0,0.0,0.0,0.0,0.0,0.0,0.0,0.0,0.0,0.0,0.0,0.0,0.0,0.0,0.0,0.0,0.0,0.0,0.0,0.0,0.0,0.0,0.0,0.0,0.0,0.0,0.0,0.0,0.0,0.0,0.0,0.0,0.0,0.0,0.0,0.0,0.0,0.0,0.0,0.0,0.0,0.0,0.0,0.0,0.0,0.0
2017-10-09,213.0,12.0,21.0,161.0,212.0,283.0,1428.0,7.0,20.0,371.0,129.0,28.0,34.0,62.0,168.0,8.0,21.0,98.0,94.0,74.0,109.0,8.0,14.0,14.0,16.0,15.0,18.0,16.0,20.0,20.0,25.0,46.0,43.0,124.0,22.0,16.0,5.0,141.0,43.0,220.0,77.0,124.0,4.0,16.0,8.0,8.0,8.0,12.0,0.0,0.0,0.0,0.0,0.0,0.0,0.0,0.0,0.0,0.0,0.0,0.0,0.0,0.0,0.0,0.0,0.0,0.0,0.0,0.0,0.0,0.0,0.0,0.0,0.0,0.0,0.0,0.0,0.0,0.0,0.0,0.0,0.0,0.0,0.0,0.0,0.0,0.0,0.0,0.0,0.0,0.0,0.0,0.0,0.0,0.0,0.0,0.0,0.0,0.0,0.0,0.0,0.0,0.0,0.0,0.0,0.0,0.0,0.0,0.0,0.0,0.0,0.0,0.0,0.0,0.0,0.0,0.0,0.0,0.0,0.0,0.0,0.0,0.0,0.0,0.0,0.0,0.0,0.0,0.0,0.0,0.0,0.0,0.0,0.0,0.0,0.0,0.0,0.0,0.0,0.0,0.0,0.0,0.0,0.0,0.0
2017-10-16,180.0,16.0,27.0,149.0,220.0,375.0,1435.0,10.0,18.0,382.0,162.0,40.0,38.0,58.0,197.0,18.0,10.0,121.0,64.0,60.0,91.0,34.0,21.0,14.0,3.0,12.0,2.0,11.0,41.0,39.0,1.0,20.0,30.0,159.0,12.0,27.0,10.0,100.0,33.0,264.0,66.0,113.0,30.0,6.0,7.0,6.0,6.0,16.0,0.0,20.0,20.0,20.0,20.0,20.0,20.0,0.0,0.0,0.0,0.0,20.0,20.0,0.0,20.0,0.0,0.0,0.0,0.0,0.0,0.0,0.0,0.0,0.0,0.0,0.0,0.0,0.0,0.0,0.0,0.0,0.0,0.0,0.0,0.0,0.0,0.0,0.0,0.0,0.0,0.0,0.0,0.0,0.0,0.0,0.0,0.0,0.0,0.0,7.0,7.0,7.0,7.0,7.0,7.0,0.0,0.0,0.0,0.0,7.0,7.0,0.0,7.0,0.0,0.0,0.0,0.0,0.0,0.0,0.0,0.0,0.0,0.0,0.0,0.0,0.0,0.0,0.0,0.0,0.0,0.0,0.0,0.0,0.0,0.0,0.0,0.0,0.0,0.0,0.0,0.0,0.0,0.0,0.0,0.0,0.0
2017-10-23,155.0,27.0,9.0,186.0,174.0,236.0,968.0,2.0,8.0,259.0,116.0,14.0,23.0,62.0,116.0,10.0,13.0,65.0,39.0,55.0,54.0,14.0,21.0,10.0,6.0,8.0,9.0,12.0,8.0,11.0,11.0,42.0,67.0,82.0,13.0,18.0,8.5,95.0,14.0,151.0,85.0,141.0,23.0,15.0,12.0,11.0,5.0,9.0,0.0,0.0,0.0,0.0,0.0,0.0,0.0,0.0,0.0,0.0,0.0,0.0,0.0,0.0,0.0,0.0,0.0,0.0,0.0,0.0,0.0,0.0,0.0,0.0,0.0,0.0,0.0,0.0,0.0,0.0,0.0,0.0,0.0,0.0,0.0,0.0,0.0,0.0,0.0,0.0,0.0,0.0,0.0,0.0,0.0,0.0,0.0,0.0,0.0,0.0,0.0,0.0,0.0,0.0,0.0,0.0,0.0,0.0,0.0,0.0,0.0,0.0,0.0,0.0,0.0,0.0,0.0,0.0,0.0,0.0,0.0,0.0,0.0,0.0,0.0,0.0,0.0,0.0,0.0,0.0,0.0,0.0,0.0,0.0,0.0,0.0,0.0,0.0,0.0,0.0,0.0,0.0,0.0,0.0,0.0,0.0
2017-10-30,156.0,10.0,6.0,129.0,173.0,199.0,898.0,1.0,1.0,314.0,102.0,18.0,23.0,56.0,91.0,2.0,19.0,64.0,68.0,45.0,57.0,25.0,21.0,26.0,4.5,5.0,13.0,21.0,16.0,21.0,7.0,38.0,55.0,105.0,24.0,8.0,7.0,107.0,17.0,166.0,71.0,85.0,26.0,9.0,14.0,7.0,3.0,15.0,0.0,0.0,0.0,0.0,0.0,0.0,0.0,0.0,0.0,0.0,0.0,0.0,0.0,0.0,0.0,0.0,0.0,0.0,0.0,0.0,0.0,0.0,0.0,0.0,0.0,0.0,0.0,0.0,0.0,0.0,0.0,0.0,0.0,0.0,0.0,0.0,0.0,0.0,0.0,0.0,0.0,0.0,0.0,0.0,0.0,0.0,0.0,0.0,0.0,0.0,0.0,0.0,0.0,0.0,0.0,0.0,0.0,0.0,0.0,0.0,0.0,0.0,0.0,0.0,0.0,0.0,0.0,0.0,0.0,0.0,0.0,0.0,0.0,0.0,0.0,0.0,0.0,0.0,0.0,0.0,0.0,0.0,0.0,0.0,0.0,0.0,0.0,0.0,0.0,0.0,0.0,0.0,0.0,0.0,0.0,0.0
2017-11-06,111.0,16.0,3.0,80.0,104.0,179.0,618.0,2.0,1.0,207.0,73.0,21.0,23.0,37.0,81.0,1.0,10.0,39.0,35.0,52.0,51.0,39.0,6.0,16.0,3.0,12.0,2.0,8.0,13.0,14.0,7.0,54.0,19.0,123.0,13.0,14.0,8.0,50.0,15.0,141.0,53.0,76.0,22.0,6.0,13.0,7.0,3.0,7.0,0.0,0.0,0.0,0.0,0.0,0.0,0.0,0.0,0.0,0.0,0.0,0.0,0.0,0.0,0.0,0.0,0.0,0.0,0.0,0.0,0.0,0.0,0.0,0.0,0.0,0.0,0.0,0.0,0.0,0.0,0.0,0.0,0.0,0.0,0.0,0.0,0.0,0.0,0.0,0.0,0.0,0.0,0.0,0.0,0.0,0.0,0.0,0.0,0.0,0.0,0.0,0.0,0.0,0.0,0.0,0.0,0.0,0.0,0.0,0.0,0.0,0.0,0.0,0.0,0.0,0.0,0.0,0.0,0.0,0.0,0.0,0.0,0.0,0.0,0.0,0.0,0.0,0.0,0.0,0.0,0.0,0.0,0.0,0.0,0.0,0.0,0.0,0.0,0.0,0.0,0.0,0.0,0.0,0.0,0.0,0.0
2017-11-13,119.0,16.0,6.0,67.0,82.0,191.0,603.0,10.0,10.0,201.0,92.0,8.0,24.0,54.0,84.0,11.0,13.0,72.0,62.0,23.0,33.0,28.0,7.0,18.0,14.0,3.0,8.0,5.0,22.0,13.0,29.0,48.0,55.0,47.0,12.0,26.0,1.0,84.0,8.0,186.0,14.0,84.0,13.0,17.0,8.0,14.0,9.0,11.0,0.0,0.0,0.0,0.0,0.0,0.0,0.0,0.0,0.0,0.0,0.0,0.0,0.0,0.0,0.0,0.0,0.0,0.0,0.0,0.0,0.0,0.0,0.0,0.0,0.0,0.0,0.0,0.0,0.0,0.0,0.0,0.0,0.0,0.0,0.0,0.0,0.0,0.0,0.0,0.0,0.0,0.0,0.0,0.0,0.0,0.0,0.0,0.0,0.0,0.0,0.0,0.0,0.0,0.0,0.0,0.0,0.0,0.0,0.0,0.0,0.0,0.0,0.0,0.0,0.0,0.0,0.0,0.0,0.0,0.0,0.0,0.0,0.0,0.0,0.0,0.0,0.0,0.0,0.0,0.0,0.0,0.0,0.0,0.0,0.0,0.0,0.0,0.0,0.0,0.0,0.0,0.0,0.0,0.0,0.0,0.0
2017-11-20,109.0,16.0,7.0,63.0,212.0,130.0,525.0,5.0,11.0,196.0,84.0,18.0,16.0,38.0,68.0,10.0,9.0,38.0,67.0,58.0,27.0,30.0,26.0,10.0,26.0,8.0,14.0,10.0,18.0,19.0,16.0,36.0,69.0,158.0,9.0,7.0,18.0,99.0,21.0,202.0,41.0,87.0,33.0,2.0,11.0,3.0,1.0,15.0,0.0,0.0,0.0,0.0,0.0,0.0,0.0,0.0,0.0,0.0,0.0,0.0,0.0,0.0,0.0,0.0,0.0,0.0,0.0,0.0,0.0,0.0,0.0,0.0,0.0,0.0,0.0,0.0,0.0,0.0,0.0,0.0,0.0,0.0,0.0,0.0,0.0,0.0,0.0,0.0,0.0,0.0,0.0,0.0,0.0,0.0,0.0,0.0,0.0,0.0,0.0,0.0,0.0,0.0,0.0,0.0,0.0,0.0,0.0,0.0,0.0,0.0,0.0,0.0,0.0,0.0,0.0,0.0,0.0,0.0,0.0,0.0,0.0,0.0,0.0,0.0,0.0,0.0,0.0,0.0,0.0,0.0,0.0,0.0,0.0,0.0,0.0,0.0,0.0,0.0,0.0,0.0,0.0,0.0,0.0,0.0
2017-11-27,60.0,0.0,11.0,31.0,80.0,76.0,413.0,2.0,15.0,126.0,68.0,11.0,12.0,21.0,47.0,8.333333333333334,15.0,68.0,33.0,38.0,40.0,13.0,11.0,18.0,2.0,9.0,4.0,1.0,11.0,9.0,6.0,52.0,45.0,93.0,28.0,25.0,6.0,95.0,32.0,126.0,66.0,51.0,15.0,13.0,3.0,7.0,6.0,7.0,0.0,0.0,0.0,0.0,0.0,0.0,0.0,0.0,0.0,0.0,0.0,0.0,0.0,0.0,0.0,0.0,0.0,0.0,0.0,0.0,0.0,0.0,0.0,0.0,0.0,0.0,0.0,0.0,0.0,0.0,0.0,0.0,0.0,0.0,0.0,0.0,0.0,0.0,0.0,0.0,0.0,0.0,0.0,0.0,0.0,0.0,0.0,0.0,0.0,0.0,0.0,0.0,0.0,0.0,0.0,0.0,0.0,0.0,0.0,0.0,0.0,0.0,0.0,0.0,0.0,0.0,0.0,0.0,0.0,0.0,0.0,0.0,0.0,0.0,0.0,0.0,0.0,0.0,0.0,0.0,0.0,0.0,0.0,0.0,0.0,0.0,0.0,0.0,0.0,0.0,0.0,0.0,0.0,0.0,0.0,0.0
2017-12-04,61.0,4.0,6.0,33.0,91.0,110.0,467.0,3.0,7.0,138.0,60.0,14.0,16.0,18.0,49.0,6.666666666666666,7.0,23.0,34.0,13.0,20.0,20.0,8.0,8.0,4.0,6.0,4.0,2.0,7.0,25.0,5.0,39.0,31.0,100.0,1.0,13.0,14.0,53.0,15.0,176.0,39.0,71.0,8.0,3.0,10.0,4.0,9.5,15.0,0.0,0.0,0.0,0.0,0.0,0.0,0.0,0.0,0.0,0.0,0.0,0.0,0.0,0.0,0.0,0.0,0.0,0.0,0.0,0.0,0.0,0.0,0.0,0.0,0.0,0.0,0.0,0.0,0.0,0.0,0.0,0.0,0.0,0.0,0.0,0.0,0.0,0.0,0.0,0.0,0.0,0.0,0.0,0.0,0.0,0.0,0.0,0.0,0.0,0.0,0.0,0.0,0.0,0.0,0.0,0.0,0.0,0.0,0.0,0.0,0.0,0.0,0.0,0.0,0.0,0.0,0.0,0.0,0.0,0.0,0.0,0.0,0.0,0.0,0.0,0.0,0.0,0.0,0.0,0.0,0.0,0.0,0.0,0.0,0.0,0.0,0.0,0.0,0.0,0.0,0.0,0.0,0.0,0.0,0.0,0.0
2017-12-11,65.0,13.0,8.0,45.0,87.0,73.0,434.0,1.0,1.0,104.0,60.0,19.0,9.0,22.0,42.0,5.0,1.0,53.0,14.0,26.0,12.0,12.0,2.0,9.5,2.5,10.0,13.0,3.0,4.0,25.0,1.0,44.0,33.0,78.0,10.0,22.0,1.0,82.0,12.0,152.0,35.0,55.0,16.0,6.0,14.0,13.0,13.0,8.0,0.0,0.0,0.0,0.0,0.0,0.0,0.0,0.0,0.0,0.0,0.0,0.0,0.0,0.0,0.0,0.0,0.0,0.0,0.0,0.0,0.0,0.0,0.0,0.0,0.0,0.0,0.0,0.0,0.0,0.0,0.0,0.0,0.0,0.0,0.0,0.0,0.0,0.0,0.0,0.0,0.0,0.0,0.0,0.0,0.0,0.0,0.0,0.0,0.0,0.0,0.0,0.0,0.0,0.0,0.0,0.0,0.0,0.0,0.0,0.0,0.0,0.0,0.0,0.0,0.0,0.0,0.0,0.0,0.0,0.0,0.0,0.0,0.0,0.0,0.0,0.0,0.0,0.0,0.0,0.0,0.0,0.0,0.0,0.0,0.0,0.0,0.0,0.0,0.0,0.0,0.0,0.0,0.0,0.0,0.0,0.0
2017-12-18,82.0,11.0,11.0,39.0,157.0,123.0,347.0,17.0,11.0,124.0,55.0,21.0,18.0,20.0,55.0,2.0,17.0,60.0,40.0,38.0,38.0,7.0,1.0,11.0,1.0,2.0,12.0,0.0,1.0,13.0,5.0,39.0,7.0,53.0,5.0,10.0,3.0,61.0,8.0,109.0,61.0,58.0,12.0,1.0,2.0,3.0,0.0,7.0,0.0,0.0,0.0,0.0,0.0,0.0,0.0,0.0,0.0,0.0,0.0,0.0,0.0,0.0,0.0,0.0,0.0,0.0,0.0,0.0,0.0,0.0,0.0,0.0,0.0,0.0,0.0,0.0,0.0,0.0,0.0,0.0,0.0,0.0,0.0,0.0,0.0,0.0,0.0,0.0,0.0,0.0,0.0,0.0,0.0,0.0,0.0,0.0,0.0,0.0,0.0,0.0,0.0,0.0,0.0,0.0,0.0,0.0,0.0,0.0,0.0,0.0,0.0,0.0,0.0,0.0,0.0,0.0,0.0,0.0,0.0,0.0,0.0,0.0,0.0,0.0,0.0,0.0,0.0,0.0,0.0,0.0,0.0,0.0,0.0,0.0,0.0,0.0,0.0,0.0,0.0,0.0,0.0,0.0,0.0,0.0
2017-12-25,74.0,6.0,9.0,85.0,78.0,138.0,590.0,2.0,7.0,139.0,86.0,9.0,12.0,22.0,66.0,4.0,9.0,55.0,38.0,44.0,41.0,17.0,2.0,15.0,3.0,8.0,11.0,10.0,13.0,28.0,18.0,27.0,30.0,60.0,5.0,17.0,2.0,61.0,15.0,141.0,39.0,46.0,7.0,10.0,1.0,10.0,6.0,10.0,0.0,0.0,0.0,0.0,0.0,0.0,0.0,0.0,0.0,0.0,0.0,0.0,0.0,0.0,0.0,0.0,0.0,0.0,0.0,0.0,0.0,0.0,0.0,0.0,0.0,0.0,0.0,0.0,0.0,0.0,0.0,0.0,0.0,0.0,0.0,0.0,0.0,0.0,0.0,0.0,0.0,0.0,0.0,0.0,0.0,0.0,0.0,0.0,0.0,0.0,0.0,0.0,0.0,0.0,0.0,0.0,0.0,0.0,0.0,0.0,0.0,0.0,0.0,0.0,0.0,0.0,0.0,0.0,0.0,0.0,0.0,0.0,0.0,0.0,0.0,0.0,0.0,0.0,0.0,0.0,0.0,0.0,0.0,0.0,0.0,0.0,0.0,0.0,0.0,0.0,0.0,0.0,0.0,0.0,0.0,0.0
2018-01-01,92.0,42.0,24.0,158.0,138.0,229.0,836.0,4.0,7.0,243.0,132.0,20.0,32.0,34.0,140.0,3.0,20.0,85.0,49.0,45.0,40.0,10.0,10.0,5.0,4.0,6.0,2.0,16.0,8.0,50.0,12.0,46.0,56.0,117.0,15.0,46.0,23.0,120.0,11.0,205.0,71.0,86.0,24.0,9.0,20.0,6.0,15.0,5.0,0.0,0.0,0.0,0.0,0.0,0.0,0.0,0.0,0.0,0.0,0.0,0.0,0.0,0.0,0.0,0.0,0.0,0.0,0.0,0.0,0.0,0.0,0.0,0.0,0.0,0.0,0.0,0.0,0.0,0.0,0.0,0.0,0.0,0.0,0.0,0.0,0.0,0.0,0.0,0.0,0.0,0.0,0.0,0.0,0.0,0.0,0.0,0.0,0.0,0.0,0.0,0.0,0.0,0.0,0.0,0.0,0.0,0.0,0.0,0.0,0.0,0.0,0.0,0.0,0.0,0.0,0.0,0.0,0.0,0.0,0.0,0.0,0.0,0.0,0.0,0.0,0.0,0.0,0.0,0.0,0.0,0.0,0.0,0.0,0.0,0.0,0.0,0.0,0.0,0.0,0.0,0.0,0.0,0.0,0.0,0.0
2018-01-08,53.0,9.0,21.0,100.0,126.0,146.0,538.0,1.0,9.0,182.0,53.0,12.0,13.0,34.0,76.0,2.0,1.0,45.0,50.0,47.0,9.0,9.0,3.0,3.0,12.0,4.0,10.0,7.0,1.0,7.0,8.0,42.0,71.0,41.0,14.0,6.0,15.0,72.0,9.0,111.0,44.0,52.0,14.0,26.5,0.0,4.0,5.0,8.0,0.0,0.0,0.0,0.0,0.0,0.0,0.0,0.0,0.0,0.0,0.0,0.0,0.0,0.0,0.0,0.0,0.0,0.0,0.0,0.0,0.0,0.0,0.0,0.0,0.0,0.0,0.0,0.0,0.0,0.0,0.0,0.0,0.0,0.0,0.0,0.0,0.0,0.0,0.0,0.0,0.0,0.0,0.0,0.0,0.0,0.0,0.0,0.0,0.0,0.0,0.0,0.0,0.0,0.0,0.0,0.0,0.0,0.0,0.0,0.0,0.0,0.0,0.0,0.0,0.0,0.0,0.0,0.0,0.0,0.0,0.0,0.0,0.0,0.0,0.0,0.0,0.0,0.0,0.0,0.0,0.0,0.0,0.0,0.0,0.0,0.0,0.0,0.0,0.0,0.0,0.0,0.0,0.0,0.0,0.0,0.0
2018-01-15,232.0,27.0,59.0,379.0,300.0,304.0,1245.0,9.0,15.0,555.0,312.0,54.0,47.0,66.0,200.0,1.0,36.0,194.0,182.0,164.0,124.0,48.0,23.0,16.0,9.0,2.0,8.0,21.0,50.0,51.0,36.0,45.0,55.0,251.0,58.0,10.0,32.0,198.0,46.0,430.0,91.0,283.0,39.0,44.0,49.0,30.0,56.0,9.0,0.0,0.0,0.0,0.0,0.0,0.0,0.0,0.0,0.0,0.0,0.0,0.0,0.0,0.0,0.0,0.0,0.0,0.0,0.0,0.0,0.0,0.0,0.0,0.0,0.0,0.0,0.0,0.0,0.0,0.0,0.0,0.0,0.0,0.0,0.0,0.0,0.0,0.0,0.0,0.0,0.0,0.0,0.0,0.0,0.0,0.0,0.0,0.0,0.0,0.0,0.0,0.0,0.0,0.0,0.0,0.0,0.0,0.0,0.0,0.0,0.0,0.0,0.0,0.0,0.0,0.0,0.0,0.0,0.0,0.0,0.0,0.0,0.0,0.0,0.0,0.0,0.0,0.0,0.0,0.0,0.0,0.0,0.0,0.0,0.0,0.0,0.0,0.0,0.0,0.0,0.0,0.0,0.0,0.0,0.0,0.0
2018-01-22,153.0,22.0,58.0,143.0,338.0,292.0,947.0,6.0,4.0,455.0,203.0,53.0,40.0,85.0,123.0,7.0,14.0,142.0,94.0,88.0,70.0,34.0,24.0,11.0,10.0,9.0,10.5,32.0,40.0,75.0,20.0,50.0,33.0,133.0,64.0,21.0,2.0,113.0,33.0,332.0,90.0,158.0,40.0,26.0,23.0,31.0,24.0,6.0,0.0,0.0,0.0,0.0,0.0,0.0,0.0,0.0,0.0,0.0,0.0,0.0,0.0,0.0,0.0,0.0,0.0,0.0,0.0,0.0,0.0,0.0,0.0,0.0,0.0,0.0,0.0,0.0,0.0,0.0,0.0,0.0,0.0,0.0,0.0,0.0,0.0,0.0,0.0,0.0,0.0,0.0,0.0,0.0,0.0,0.0,0.0,0.0,0.0,0.0,0.0,0.0,0.0,0.0,0.0,0.0,0.0,0.0,0.0,0.0,0.0,0.0,0.0,0.0,0.0,0.0,0.0,0.0,0.0,0.0,0.0,0.0,0.0,0.0,0.0,0.0,0.0,0.0,0.0,0.0,0.0,0.0,0.0,0.0,0.0,0.0,0.0,0.0,0.0,0.0,0.0,0.0,0.0,0.0,0.0,0.0
2018-01-29,110.0,19.0,20.0,188.0,181.0,138.0,782.0,6.0,5.0,324.0,138.0,29.0,23.0,41.0,106.0,5.0,23.0,77.0,90.0,47.0,68.0,36.0,23.0,8.0,1.0,1.0,13.0,9.0,20.0,27.0,15.0,58.0,35.0,126.0,31.0,44.0,26.0,121.0,24.0,209.0,95.0,133.0,21.0,30.0,9.0,16.0,12.0,7.0,0.0,0.0,0.0,0.0,0.0,0.0,0.0,0.0,0.0,0.0,0.0,0.0,0.0,0.0,0.0,0.0,0.0,0.0,0.0,0.0,0.0,0.0,0.0,0.0,0.0,0.0,0.0,0.0,0.0,0.0,0.0,0.0,0.0,0.0,0.0,0.0,0.0,0.0,0.0,0.0,0.0,0.0,0.0,0.0,0.0,0.0,0.0,0.0,0.0,0.0,0.0,0.0,0.0,0.0,0.0,0.0,0.0,0.0,0.0,0.0,0.0,0.0,0.0,0.0,0.0,0.0,0.0,0.0,0.0,0.0,0.0,0.0,0.0,0.0,0.0,0.0,0.0,0.0,0.0,0.0,0.0,0.0,0.0,0.0,0.0,0.0,0.0,0.0,0.0,0.0,0.0,0.0,0.0,0.0,0.0,0.0
2018-02-05,110.0,19.0,27.0,94.0,163.0,168.0,562.0,1.0,18.0,183.0,85.0,25.0,17.0,26.0,69.0,7.0,6.0,66.0,37.0,32.0,33.0,22.0,7.0,4.0,7.0,4.0,2.0,12.0,11.0,14.0,12.0,31.0,60.0,107.0,22.0,9.0,9.0,74.0,18.0,121.0,25.0,67.0,22.0,5.0,4.0,3.0,6.0,7.0,0.0,0.0,0.0,0.0,0.0,0.0,0.0,0.0,0.0,0.0,0.0,0.0,0.0,0.0,0.0,0.0,0.0,0.0,0.0,0.0,0.0,0.0,0.0,0.0,0.0,0.0,0.0,0.0,0.0,0.0,0.0,0.0,0.0,0.0,0.0,0.0,0.0,0.0,0.0,0.0,0.0,0.0,0.0,0.0,0.0,0.0,0.0,0.0,0.0,0.0,0.0,0.0,0.0,0.0,0.0,0.0,0.0,0.0,0.0,0.0,0.0,0.0,0.0,0.0,0.0,0.0,0.0,0.0,0.0,0.0,0.0,0.0,0.0,0.0,0.0,0.0,0.0,0.0,0.0,0.0,0.0,0.0,0.0,0.0,0.0,0.0,0.0,0.0,0.0,0.0,0.0,0.0,0.0,0.0,0.0,0.0
2018-02-12,104.0,8.0,12.0,78.0,155.0,112.0,616.0,3.0,6.0,210.0,82.0,20.0,20.0,44.0,71.0,4.0,12.0,42.0,21.0,15.0,47.0,7.0,16.0,3.0,6.0,10.5,2.0,16.0,7.0,23.0,8.0,43.0,50.0,65.0,13.0,9.0,8.0,102.0,17.0,172.0,31.0,69.0,9.0,2.0,8.0,7.0,7.0,8.0,0.0,0.0,0.0,0.0,0.0,0.0,0.0,0.0,0.0,0.0,0.0,0.0,0.0,0.0,0.0,0.0,0.0,0.0,0.0,0.0,0.0,0.0,0.0,0.0,0.0,0.0,0.0,0.0,0.0,0.0,0.0,0.0,0.0,0.0,0.0,0.0,0.0,0.0,0.0,0.0,0.0,0.0,0.0,0.0,0.0,0.0,0.0,0.0,0.0,0.0,0.0,0.0,0.0,0.0,0.0,0.0,0.0,0.0,0.0,0.0,0.0,0.0,0.0,0.0,0.0,0.0,0.0,0.0,0.0,0.0,0.0,0.0,0.0,0.0,0.0,0.0,0.0,0.0,0.0,0.0,0.0,0.0,0.0,0.0,0.0,0.0,0.0,0.0,0.0,0.0,0.0,0.0,0.0,0.0,0.0,0.0
2018-02-19,89.0,34.0,13.0,139.0,122.0,166.0,866.0,3.0,3.0,154.0,84.0,14.0,23.0,31.0,95.0,1.0,7.0,49.0,58.0,14.0,51.0,20.0,3.0,7.0,5.0,17.0,12.0,5.0,8.0,19.0,13.0,65.0,44.0,62.0,17.0,25.0,5.0,83.0,10.0,112.0,23.0,60.0,7.0,5.0,10.0,2.0,6.0,23.0,0.0,25.0,25.0,25.0,25.0,25.0,0.0,0.0,0.0,0.0,0.0,25.0,25.0,0.0,25.0,0.0,0.0,0.0,0.0,0.0,0.0,0.0,0.0,0.0,0.0,0.0,0.0,0.0,0.0,0.0,0.0,0.0,0.0,0.0,0.0,0.0,0.0,0.0,0.0,0.0,0.0,0.0,0.0,0.0,0.0,0.0,0.0,0.0,0.0,2.0,2.0,2.0,2.0,2.0,7.0,0.0,0.0,0.0,0.0,2.0,2.0,0.0,2.0,0.0,0.0,0.0,0.0,0.0,0.0,0.0,0.0,0.0,0.0,0.0,0.0,0.0,0.0,0.0,0.0,0.0,0.0,0.0,0.0,0.0,0.0,0.0,0.0,0.0,0.0,0.0,0.0,0.0,0.0,0.0,0.0,0.0
2018-02-26,69.0,8.0,7.0,104.0,66.0,123.0,460.0,5.0,3.0,132.0,66.0,3.0,15.0,12.0,50.0,2.5,10.0,49.0,24.0,51.0,35.0,11.0,3.0,6.0,8.0,2.0,3.0,12.0,7.0,11.0,15.0,57.0,35.0,61.0,14.0,16.0,6.0,71.0,20.0,115.0,60.0,53.0,27.0,5.0,20.0,2.0,6.0,7.0,0.0,0.0,0.0,0.0,0.0,0.0,0.0,0.0,0.0,0.0,0.0,0.0,0.0,0.0,0.0,0.0,0.0,0.0,0.0,0.0,0.0,0.0,0.0,0.0,0.0,0.0,0.0,0.0,0.0,0.0,0.0,0.0,0.0,0.0,0.0,0.0,0.0,0.0,0.0,0.0,0.0,0.0,0.0,0.0,0.0,0.0,0.0,0.0,0.0,0.0,0.0,0.0,0.0,0.0,0.0,0.0,0.0,0.0,0.0,0.0,0.0,0.0,0.0,0.0,0.0,0.0,0.0,0.0,0.0,0.0,0.0,0.0,0.0,0.0,0.0,0.0,0.0,0.0,0.0,0.0,0.0,0.0,0.0,0.0,0.0,0.0,0.0,0.0,0.0,0.0,0.0,0.0,0.0,0.0,0.0,0.0
2018-03-05,152.0,15.0,8.0,138.0,175.0,253.0,1057.0,3.5,10.0,315.0,125.0,30.0,18.0,26.0,130.0,4.0,13.0,93.0,65.0,87.0,51.0,43.0,37.0,15.0,6.0,14.0,1.5,3.0,14.0,28.0,17.0,57.0,28.0,120.0,13.0,32.0,7.0,72.0,48.0,236.0,57.0,147.0,36.0,6.0,20.0,18.0,13.0,11.0,0.0,0.0,0.0,0.0,0.0,0.0,0.0,0.0,0.0,0.0,0.0,0.0,0.0,0.0,0.0,0.0,0.0,0.0,0.0,0.0,0.0,0.0,0.0,0.0,0.0,0.0,0.0,0.0,0.0,0.0,0.0,0.0,0.0,0.0,0.0,0.0,0.0,0.0,0.0,0.0,0.0,0.0,0.0,0.0,0.0,0.0,0.0,0.0,0.0,0.0,0.0,0.0,0.0,0.0,0.0,0.0,0.0,0.0,0.0,0.0,0.0,0.0,0.0,0.0,0.0,0.0,0.0,0.0,0.0,0.0,0.0,0.0,0.0,0.0,0.0,0.0,0.0,0.0,0.0,0.0,0.0,0.0,0.0,0.0,0.0,0.0,0.0,0.0,0.0,0.0,0.0,0.0,0.0,0.0,0.0,0.0
2018-03-12,156.0,25.0,14.0,110.0,142.0,202.0,789.0,2.0,6.0,210.0,129.0,18.0,22.0,32.0,110.0,3.0,20.0,68.0,102.0,23.0,11.0,28.0,16.0,11.0,4.0,26.0,0.0,10.0,27.0,34.0,7.0,30.0,42.0,74.0,30.0,27.0,5.0,101.0,14.0,222.0,47.0,124.0,15.0,26.0,16.0,9.0,7.0,6.0,0.0,0.0,0.0,0.0,0.0,0.0,0.0,0.0,0.0,0.0,0.0,0.0,0.0,0.0,0.0,0.0,0.0,0.0,0.0,0.0,0.0,0.0,0.0,0.0,0.0,0.0,0.0,0.0,0.0,0.0,0.0,0.0,0.0,0.0,0.0,0.0,0.0,0.0,0.0,0.0,0.0,0.0,0.0,0.0,0.0,0.0,0.0,0.0,0.0,0.0,0.0,0.0,0.0,0.0,0.0,0.0,0.0,0.0,0.0,0.0,0.0,0.0,0.0,0.0,0.0,0.0,0.0,0.0,0.0,0.0,0.0,0.0,0.0,0.0,0.0,0.0,0.0,0.0,0.0,0.0,0.0,0.0,0.0,0.0,0.0,0.0,0.0,0.0,0.0,0.0,0.0,0.0,0.0,0.0,0.0,0.0
2018-03-19,212.0,29.0,13.0,146.0,240.0,195.0,1048.0,5.0,20.0,389.0,127.0,42.0,28.0,50.0,119.0,2.0,15.0,121.0,66.0,29.0,97.0,30.0,11.0,15.0,5.0,2.0,1.0,10.0,9.0,34.0,28.0,47.0,51.0,173.0,36.0,49.0,17.0,110.0,30.0,340.0,56.0,139.0,37.0,22.0,6.0,15.0,7.0,12.0,0.0,0.0,0.0,0.0,0.0,0.0,0.0,0.0,0.0,0.0,0.0,0.0,0.0,0.0,0.0,0.0,0.0,0.0,0.0,0.0,0.0,0.0,0.0,0.0,0.0,0.0,0.0,0.0,0.0,0.0,0.0,0.0,0.0,0.0,0.0,0.0,0.0,0.0,0.0,0.0,0.0,0.0,0.0,0.0,0.0,0.0,0.0,0.0,0.0,0.0,0.0,0.0,0.0,0.0,0.0,0.0,0.0,0.0,0.0,0.0,0.0,0.0,0.0,0.0,0.0,0.0,0.0,0.0,0.0,0.0,0.0,0.0,0.0,0.0,0.0,0.0,0.0,0.0,0.0,0.0,0.0,0.0,0.0,0.0,0.0,0.0,0.0,0.0,0.0,0.0,0.0,0.0,0.0,0.0,0.0,0.0
2018-03-26,197.0,32.0,39.0,186.0,333.0,289.0,1479.0,3.0,20.0,419.0,208.0,33.0,34.0,34.0,191.0,10.5,22.0,100.0,84.0,108.0,52.0,47.0,17.0,16.0,19.0,3.0,7.0,21.0,26.0,70.0,38.0,42.0,45.0,230.0,70.0,7.0,11.0,267.0,60.0,357.0,65.0,184.0,42.0,14.0,13.0,5.0,10.0,11.0,0.0,0.0,0.0,0.0,0.0,0.0,0.0,0.0,0.0,0.0,0.0,0.0,0.0,0.0,0.0,0.0,0.0,0.0,0.0,0.0,0.0,0.0,0.0,0.0,0.0,0.0,0.0,0.0,0.0,0.0,0.0,0.0,0.0,0.0,0.0,0.0,0.0,0.0,0.0,0.0,0.0,0.0,0.0,0.0,0.0,0.0,0.0,0.0,0.0,0.0,0.0,0.0,0.0,0.0,0.0,0.0,0.0,0.0,0.0,0.0,0.0,0.0,0.0,0.0,0.0,0.0,0.0,0.0,0.0,0.0,0.0,0.0,0.0,0.0,0.0,0.0,0.0,0.0,0.0,0.0,0.0,0.0,0.0,0.0,0.0,0.0,0.0,0.0,0.0,0.0,0.0,0.0,0.0,0.0,0.0,0.0
2018-04-02,275.0,20.0,41.0,184.0,455.0,409.0,1721.0,22.0,33.0,561.0,290.0,51.0,45.0,63.0,217.0,19.0,29.0,172.0,109.0,107.0,73.0,48.0,8.0,19.0,7.0,14.0,12.0,11.0,30.0,53.0,13.0,68.0,40.0,252.0,73.0,23.0,11.0,295.0,56.0,512.0,90.0,359.0,35.0,34.0,10.0,16.0,4.0,13.0,0.0,25.0,25.0,25.0,25.0,25.0,25.0,0.0,0.0,0.0,0.0,25.0,25.0,0.0,25.0,0.0,0.0,0.0,0.0,0.0,0.0,0.0,0.0,0.0,0.0,0.0,0.0,0.0,0.0,0.0,0.0,0.0,0.0,0.0,0.0,0.0,0.0,0.0,0.0,0.0,0.0,0.0,0.0,0.0,0.0,0.0,0.0,0.0,0.0,6.0,6.0,6.0,6.0,6.0,6.0,0.0,0.0,0.0,0.0,6.0,6.0,0.0,6.0,0.0,0.0,0.0,0.0,0.0,0.0,0.0,0.0,0.0,0.0,0.0,0.0,0.0,0.0,0.0,0.0,0.0,0.0,0.0,0.0,0.0,0.0,0.0,0.0,0.0,0.0,0.0,0.0,0.0,0.0,0.0,0.0,0.0
2018-04-09,296.0,7.0,31.0,163.0,373.0,419.0,1728.0,3.0,36.0,534.0,255.0,40.0,46.0,56.0,213.0,27.0,16.0,143.0,96.0,75.0,87.0,29.0,33.0,29.0,5.0,33.0,22.0,25.0,23.0,43.0,38.0,28.0,66.0,188.0,67.0,26.0,16.0,228.0,54.0,379.0,91.0,284.0,43.0,13.0,21.0,5.0,8.0,4.0,0.0,25.0,25.0,25.0,25.0,25.0,25.0,0.0,0.0,0.0,0.0,25.0,25.0,0.0,25.0,0.0,0.0,0.0,0.0,0.0,0.0,0.0,0.0,0.0,0.0,0.0,0.0,0.0,0.0,0.0,0.0,0.0,0.0,0.0,0.0,0.0,0.0,0.0,0.0,0.0,0.0,0.0,0.0,0.0,0.0,0.0,0.0,0.0,0.0,7.0,7.0,7.0,7.0,7.0,7.0,0.0,0.0,0.0,0.0,7.0,7.0,0.0,7.0,0.0,0.0,0.0,0.0,0.0,0.0,0.0,0.0,0.0,0.0,0.0,0.0,0.0,0.0,0.0,0.0,0.0,0.0,0.0,0.0,0.0,0.0,0.0,0.0,0.0,0.0,0.0,0.0,0.0,0.0,0.0,0.0,0.0
2018-04-16,316.0,52.0,50.0,207.0,536.0,489.0,1977.0,9.0,18.0,597.0,233.0,58.0,63.0,71.0,237.0,8.0,21.0,109.0,198.0,122.0,75.0,31.0,33.0,32.0,21.0,13.0,13.0,47.0,27.0,64.0,39.0,48.0,63.0,292.0,108.0,13.0,11.0,233.0,87.0,385.0,154.0,289.0,55.0,39.0,25.0,30.0,19.0,11.0,0.0,0.0,0.0,0.0,0.0,0.0,0.0,0.0,0.0,0.0,0.0,0.0,0.0,0.0,0.0,0.0,0.0,0.0,0.0,0.0,0.0,0.0,0.0,0.0,0.0,0.0,0.0,0.0,0.0,0.0,0.0,0.0,0.0,0.0,0.0,0.0,0.0,0.0,0.0,0.0,0.0,0.0,0.0,0.0,0.0,0.0,0.0,0.0,0.0,0.0,0.0,0.0,0.0,0.0,0.0,0.0,0.0,0.0,0.0,0.0,0.0,0.0,0.0,0.0,0.0,0.0,0.0,0.0,0.0,0.0,0.0,0.0,0.0,0.0,0.0,0.0,0.0,0.0,0.0,0.0,0.0,0.0,0.0,0.0,0.0,0.0,0.0,0.0,0.0,0.0,0.0,0.0,0.0,0.0,0.0,0.0
2018-04-23,360.0,26.0,43.0,218.0,494.0,455.0,1731.0,17.0,38.0,614.0,285.0,68.0,49.0,78.0,207.0,23.0,45.0,178.0,176.0,175.0,148.0,81.0,17.0,28.0,7.0,5.0,37.0,41.0,43.0,60.0,34.0,83.0,31.0,295.0,62.0,15.0,22.5,334.0,88.0,395.0,146.0,236.0,28.0,24.0,25.0,4.0,14.0,9.0,0.0,0.0,0.0,0.0,0.0,0.0,0.0,0.0,0.0,0.0,0.0,0.0,0.0,0.0,0.0,0.0,0.0,0.0,0.0,0.0,0.0,0.0,0.0,0.0,0.0,0.0,0.0,0.0,0.0,0.0,0.0,0.0,0.0,0.0,0.0,0.0,0.0,0.0,0.0,0.0,0.0,0.0,0.0,0.0,0.0,0.0,0.0,0.0,0.0,0.0,0.0,0.0,0.0,0.0,0.0,0.0,0.0,0.0,0.0,0.0,0.0,0.0,0.0,0.0,0.0,0.0,0.0,0.0,0.0,0.0,0.0,0.0,0.0,0.0,0.0,0.0,0.0,0.0,0.0,0.0,0.0,0.0,0.0,0.0,0.0,0.0,0.0,0.0,0.0,0.0,0.0,0.0,0.0,0.0,0.0,0.0
2018-04-30,327.0,22.0,31.0,214.0,399.0,490.0,1811.0,10.0,25.0,581.0,282.0,48.0,48.0,56.0,220.0,15.0,22.0,121.0,87.0,104.0,95.0,35.0,33.0,42.0,5.0,14.0,2.0,16.0,31.0,79.0,13.0,64.0,43.0,247.0,47.0,20.0,34.0,231.0,53.0,429.0,128.0,296.0,63.0,14.0,13.0,6.0,9.0,10.0,0.0,0.0,0.0,0.0,0.0,0.0,0.0,0.0,0.0,0.0,0.0,0.0,0.0,0.0,0.0,0.0,0.0,0.0,0.0,0.0,0.0,0.0,0.0,0.0,0.0,0.0,0.0,0.0,0.0,0.0,0.0,0.0,0.0,0.0,0.0,0.0,0.0,0.0,0.0,0.0,0.0,0.0,0.0,0.0,0.0,0.0,0.0,0.0,0.0,0.0,0.0,0.0,0.0,0.0,0.0,0.0,0.0,0.0,0.0,0.0,0.0,0.0,0.0,0.0,0.0,0.0,0.0,0.0,0.0,0.0,0.0,0.0,0.0,0.0,0.0,0.0,0.0,0.0,0.0,0.0,0.0,0.0,0.0,0.0,0.0,0.0,0.0,0.0,0.0,0.0,0.0,0.0,0.0,0.0,0.0,0.0
2018-05-07,427.0,54.0,33.0,312.0,552.0,632.0,2347.0,25.0,38.0,640.0,314.0,75.0,58.0,101.0,305.0,11.0,36.0,220.0,135.0,118.0,110.0,86.0,42.0,39.0,13.0,16.0,16.0,54.0,13.0,60.0,18.0,70.0,50.0,277.0,92.0,14.0,21.0,287.0,88.0,450.0,130.0,327.0,99.0,28.0,17.0,21.0,12.0,21.0,0.0,30.0,30.0,30.0,30.0,30.0,30.0,0.0,0.0,0.0,0.0,30.0,30.0,0.0,30.0,0.0,0.0,0.0,0.0,0.0,0.0,0.0,0.0,0.0,0.0,0.0,0.0,0.0,0.0,0.0,0.0,0.0,0.0,0.0,0.0,0.0,0.0,0.0,0.0,0.0,0.0,0.0,0.0,0.0,0.0,0.0,0.0,0.0,0.0,7.0,7.0,7.0,7.0,7.0,7.0,0.0,0.0,0.0,0.0,7.0,7.0,0.0,7.0,0.0,0.0,0.0,0.0,0.0,0.0,0.0,0.0,0.0,0.0,0.0,0.0,0.0,0.0,0.0,0.0,0.0,0.0,0.0,0.0,0.0,0.0,0.0,0.0,0.0,0.0,0.0,0.0,0.0,0.0,0.0,0.0,0.0
2018-05-14,226.0,54.0,39.0,163.0,347.0,440.0,1598.0,2.0,8.0,501.0,253.0,37.0,55.0,49.0,193.0,17.0,9.0,185.0,135.0,97.0,85.0,47.0,15.0,31.0,23.0,17.0,13.0,40.0,5.0,54.0,14.0,28.0,47.0,252.0,80.0,3.0,9.0,241.0,63.0,395.0,101.0,187.0,26.0,22.0,11.0,7.0,7.0,4.0,0.0,0.0,0.0,0.0,0.0,0.0,0.0,0.0,0.0,0.0,0.0,0.0,0.0,0.0,0.0,0.0,0.0,0.0,0.0,0.0,0.0,0.0,0.0,0.0,0.0,0.0,0.0,0.0,0.0,0.0,0.0,0.0,0.0,0.0,0.0,0.0,0.0,0.0,0.0,0.0,0.0,0.0,0.0,0.0,0.0,0.0,0.0,0.0,0.0,0.0,0.0,0.0,0.0,0.0,0.0,0.0,0.0,0.0,0.0,0.0,0.0,0.0,0.0,0.0,0.0,0.0,0.0,0.0,0.0,0.0,0.0,0.0,0.0,0.0,0.0,0.0,0.0,0.0,0.0,0.0,0.0,0.0,0.0,0.0,0.0,0.0,0.0,0.0,0.0,0.0,0.0,0.0,0.0,0.0,0.0,0.0
2018-05-21,338.0,30.0,72.0,143.0,524.0,521.0,1598.0,11.0,24.0,526.0,238.0,75.0,52.0,78.0,183.0,4.0,24.0,152.0,116.0,105.0,66.0,66.0,15.0,16.0,8.0,14.0,14.0,22.0,20.0,40.0,20.0,33.0,42.0,285.0,80.0,21.0,6.0,184.0,101.0,421.0,156.0,203.0,51.0,18.0,22.0,22.0,6.0,13.0,0.0,0.0,0.0,0.0,0.0,0.0,0.0,0.0,0.0,0.0,0.0,0.0,0.0,0.0,0.0,0.0,0.0,0.0,0.0,0.0,0.0,0.0,0.0,0.0,0.0,0.0,0.0,0.0,0.0,0.0,0.0,0.0,0.0,0.0,0.0,0.0,0.0,0.0,0.0,0.0,0.0,0.0,0.0,0.0,0.0,0.0,0.0,0.0,0.0,0.0,0.0,0.0,0.0,0.0,0.0,0.0,0.0,0.0,0.0,0.0,0.0,0.0,0.0,0.0,0.0,0.0,0.0,0.0,0.0,0.0,0.0,0.0,0.0,0.0,0.0,0.0,0.0,0.0,0.0,0.0,0.0,0.0,0.0,0.0,0.0,0.0,0.0,0.0,0.0,0.0,0.0,0.0,0.0,0.0,0.0,0.0
2018-05-28,239.0,22.0,41.0,212.0,375.0,348.0,1373.0,8.0,21.0,558.0,225.0,52.0,40.0,70.0,204.0,16.0,21.0,147.0,156.0,125.0,117.0,29.0,15.0,20.0,48.0,12.0,9.0,16.0,18.0,66.0,25.0,51.0,57.0,222.0,95.0,16.0,12.0,228.0,89.0,419.0,89.0,290.0,85.0,25.0,19.0,15.0,13.0,7.0,0.0,0.0,0.0,0.0,0.0,0.0,0.0,0.0,0.0,0.0,0.0,0.0,0.0,0.0,0.0,0.0,0.0,0.0,0.0,0.0,0.0,0.0,0.0,0.0,0.0,0.0,0.0,0.0,0.0,0.0,0.0,0.0,0.0,0.0,0.0,0.0,0.0,0.0,0.0,0.0,0.0,0.0,0.0,0.0,0.0,0.0,0.0,0.0,0.0,0.0,0.0,0.0,0.0,0.0,0.0,0.0,0.0,0.0,0.0,0.0,0.0,0.0,0.0,0.0,0.0,0.0,0.0,0.0,0.0,0.0,0.0,0.0,0.0,0.0,0.0,0.0,0.0,0.0,0.0,0.0,0.0,0.0,0.0,0.0,0.0,0.0,0.0,0.0,0.0,0.0,0.0,0.0,0.0,0.0,0.0,0.0
2018-06-04,323.0,22.0,37.0,331.0,476.0,418.0,1866.0,23.0,18.0,629.0,197.0,50.0,41.0,42.0,263.0,21.0,12.0,161.0,133.0,70.0,75.0,42.0,28.0,16.0,13.0,6.0,7.0,21.0,16.0,41.0,11.0,22.0,40.0,249.0,49.0,11.0,8.0,227.0,83.0,383.0,130.0,237.0,58.0,13.0,8.0,9.0,8.0,10.0,0.0,0.0,0.0,0.0,0.0,0.0,0.0,0.0,0.0,0.0,0.0,0.0,0.0,0.0,0.0,0.0,0.0,0.0,0.0,0.0,0.0,0.0,0.0,0.0,0.0,0.0,0.0,0.0,0.0,0.0,0.0,0.0,0.0,0.0,0.0,0.0,0.0,0.0,0.0,0.0,0.0,0.0,0.0,0.0,0.0,0.0,0.0,0.0,0.0,0.0,0.0,0.0,0.0,0.0,0.0,0.0,0.0,0.0,0.0,0.0,0.0,0.0,0.0,0.0,0.0,0.0,0.0,0.0,0.0,0.0,0.0,0.0,0.0,0.0,0.0,0.0,0.0,0.0,0.0,0.0,0.0,0.0,0.0,0.0,0.0,0.0,0.0,0.0,0.0,0.0,0.0,0.0,0.0,0.0,0.0,0.0
2018-06-11,223.0,36.0,35.0,153.0,394.0,306.0,1144.0,15.5,0.0,467.0,212.0,54.0,37.0,57.0,163.0,15.0,8.0,79.0,64.0,90.0,58.0,50.0,29.0,17.0,10.0,30.0,12.0,43.0,29.0,53.0,5.0,31.0,38.0,157.0,46.0,28.0,18.0,226.0,66.0,337.0,81.0,141.0,46.0,12.0,32.0,3.0,20.0,6.0,0.0,0.0,0.0,0.0,0.0,0.0,0.0,0.0,0.0,0.0,0.0,0.0,0.0,0.0,0.0,0.0,0.0,0.0,0.0,0.0,0.0,0.0,0.0,0.0,0.0,0.0,0.0,0.0,0.0,0.0,0.0,0.0,0.0,0.0,0.0,0.0,0.0,0.0,0.0,0.0,0.0,0.0,0.0,0.0,0.0,0.0,0.0,0.0,0.0,0.0,0.0,0.0,0.0,0.0,0.0,0.0,0.0,0.0,0.0,0.0,0.0,0.0,0.0,0.0,0.0,0.0,0.0,0.0,0.0,0.0,0.0,0.0,0.0,0.0,0.0,0.0,0.0,0.0,0.0,0.0,0.0,0.0,0.0,0.0,0.0,0.0,0.0,0.0,0.0,0.0,0.0,0.0,0.0,0.0,0.0,0.0
2018-06-18,235.0,28.0,40.0,148.0,288.0,200.0,1363.0,8.0,15.0,427.0,152.0,32.0,29.0,35.0,177.0,18.0,14.0,66.0,57.0,71.0,61.0,51.0,16.0,42.0,10.0,8.0,3.0,17.0,15.0,41.0,36.0,32.0,44.0,168.0,38.0,28.0,19.0,121.0,26.0,299.0,99.0,126.0,36.0,21.0,17.0,7.0,5.0,13.0,0.0,0.0,0.0,0.0,0.0,0.0,0.0,0.0,0.0,0.0,0.0,0.0,0.0,0.0,0.0,0.0,0.0,0.0,0.0,0.0,0.0,0.0,0.0,0.0,0.0,0.0,0.0,0.0,0.0,0.0,0.0,0.0,0.0,0.0,0.0,0.0,0.0,0.0,0.0,0.0,0.0,0.0,0.0,0.0,0.0,0.0,0.0,0.0,0.0,0.0,0.0,0.0,0.0,0.0,0.0,0.0,0.0,0.0,0.0,0.0,0.0,0.0,0.0,0.0,0.0,0.0,0.0,0.0,0.0,0.0,0.0,0.0,0.0,0.0,0.0,0.0,0.0,0.0,0.0,0.0,0.0,0.0,0.0,0.0,0.0,0.0,0.0,0.0,0.0,0.0,0.0,0.0,0.0,0.0,0.0,0.0
2018-06-25,191.0,22.0,12.0,197.0,335.0,366.0,1481.0,9.0,20.0,436.0,140.0,37.0,46.0,43.0,214.0,4.0,8.0,113.0,105.0,51.0,61.0,33.0,22.0,17.0,17.0,14.0,8.0,0.0,16.0,31.0,10.0,55.0,42.0,130.0,46.0,18.0,18.0,146.0,57.0,305.0,73.0,148.0,24.0,7.0,4.0,14.0,14.0,18.0,0.0,0.0,0.0,0.0,0.0,0.0,0.0,0.0,0.0,0.0,0.0,0.0,0.0,0.0,0.0,0.0,0.0,0.0,0.0,0.0,0.0,0.0,0.0,0.0,0.0,0.0,0.0,0.0,0.0,0.0,0.0,0.0,0.0,0.0,0.0,0.0,0.0,0.0,0.0,0.0,0.0,0.0,0.0,0.0,0.0,0.0,0.0,0.0,0.0,0.0,0.0,0.0,0.0,0.0,0.0,0.0,0.0,0.0,0.0,0.0,0.0,0.0,0.0,0.0,0.0,0.0,0.0,0.0,0.0,0.0,0.0,0.0,0.0,0.0,0.0,0.0,0.0,0.0,0.0,0.0,0.0,0.0,0.0,0.0,0.0,0.0,0.0,0.0,0.0,0.0,0.0,0.0,0.0,0.0,0.0,0.0
2018-07-02,262.0,25.0,15.0,173.0,350.0,323.0,1202.0,13.0,19.0,418.0,151.0,47.0,43.0,43.0,239.0,23.0,11.0,120.0,138.0,105.0,100.0,31.0,11.0,8.0,13.0,7.0,17.0,19.0,26.0,51.0,35.0,38.0,20.0,113.0,75.0,12.0,5.0,168.0,42.0,191.0,66.0,94.0,34.0,11.0,10.0,24.0,17.0,17.0,0.0,0.0,0.0,0.0,0.0,0.0,0.0,0.0,0.0,0.0,0.0,0.0,0.0,0.0,0.0,0.0,0.0,0.0,0.0,0.0,0.0,0.0,0.0,0.0,0.0,0.0,0.0,0.0,0.0,0.0,0.0,0.0,0.0,0.0,0.0,0.0,0.0,0.0,0.0,0.0,0.0,0.0,0.0,0.0,0.0,0.0,0.0,0.0,0.0,0.0,0.0,0.0,0.0,0.0,0.0,0.0,0.0,0.0,0.0,0.0,0.0,0.0,0.0,0.0,0.0,0.0,0.0,0.0,0.0,0.0,0.0,0.0,0.0,0.0,0.0,0.0,0.0,0.0,0.0,0.0,0.0,0.0,0.0,0.0,0.0,0.0,0.0,0.0,0.0,0.0,0.0,0.0,0.0,0.0,0.0,0.0
2018-07-09,295.0,17.0,39.0,290.0,285.0,299.0,1492.0,21.0,28.0,435.0,153.0,34.0,34.0,37.0,365.0,0.0,10.0,118.0,93.0,121.0,86.0,33.0,29.0,12.0,7.0,14.0,7.0,35.0,18.0,43.0,17.0,46.0,43.0,98.0,50.0,13.0,8.0,111.0,21.0,241.0,51.0,152.0,17.0,30.0,7.0,11.0,7.0,20.0,0.0,0.0,0.0,0.0,0.0,0.0,0.0,0.0,0.0,0.0,0.0,0.0,0.0,0.0,0.0,0.0,0.0,0.0,0.0,0.0,0.0,0.0,0.0,0.0,0.0,0.0,0.0,0.0,0.0,0.0,0.0,0.0,0.0,0.0,0.0,0.0,0.0,0.0,0.0,0.0,0.0,0.0,0.0,0.0,0.0,0.0,0.0,0.0,0.0,0.0,0.0,0.0,0.0,0.0,0.0,0.0,0.0,0.0,0.0,0.0,0.0,0.0,0.0,0.0,0.0,0.0,0.0,0.0,0.0,0.0,0.0,0.0,0.0,0.0,0.0,0.0,0.0,0.0,0.0,0.0,0.0,0.0,0.0,0.0,0.0,0.0,0.0,0.0,0.0,0.0,0.0,0.0,0.0,0.0,0.0,0.0
